rostime,x,y,z,rot_x,rot_y,rot_z
7,1341421546,477307568,-0.404006999259,-3.14001285712,0.110594388725,-0.00392396593234,0.00536244707032,0.706825973048
8,1341421546,487295722,-0.40400420454,-3.13997197201,0.110572000821,-0.00404553448033,0.00531298296647,0.706903208482
9,1341421546,497351259,-0.404013604427,-3.1399784752,0.110574282509,-0.0038920901537,0.00543190147555,0.706880886678
10,1341421546,507372549,-0.404022289337,-3.13996694598,0.11055385066,-0.00402893613395,0.00526541156381,0.706831120794
11,1341421546,517461958,-0.404013087039,-3.13993959874,0.110517181638,-0.00396186811334,0.00536586813525,0.70693091542
12,1341421546,527387296,-0.403976714936,-3.13993870822,0.110547409915,-0.00412094425937,0.00516961594251,0.706829435368
13,1341421546,537250181,-0.40396208925,-3.13996037106,0.110567475971,-0.00409320074898,0.005139092115,0.706827670896
14,1341421546,547310916,-0.404004563667,-3.13990631761,0.110432563125,-0.00441923737017,0.00491899888536,0.706685861415
15,1341421546,557351689,-0.404004790082,-3.13993557157,0.110476864105,-0.00432007231181,0.0051865074261,0.706739231168
16,1341421546,567641393,-0.403995416855,-3.13993130681,0.110450226241,-0.00450658029505,0.00493015585642,0.706617564782
17,1341421546,577332318,-0.403972089901,-3.1399607384,0.110541804749,-0.00395558433308,0.00533809958518,0.706931030834
18,1341421546,587371436,-0.404029436546,-3.13987985819,0.110446473253,-0.00423429444096,0.00509955957843,0.706799481096
19,1341421546,597293493,-0.404020810674,-3.13990418761,0.110444688288,-0.00429537472288,0.00518277042482,0.706716046089
20,1341421546,607323311,-0.403988550807,-3.1400342316,0.110626651522,-0.00430911120939,0.00521005684318,0.706645277155
21,1341421546,617380671,-0.404010470549,-3.13993435758,0.110462348809,-0.00438354712734,0.00510930856735,0.706751666718
22,1341421546,627372030,-0.404019712285,-3.13997560004,0.110576189652,-0.00393858391358,0.00544334647574,0.706893270899
23,1341421546,637373401,-0.404006557857,-3.1399843174,0.110558379115,-0.00448232325776,0.00513162677822,0.706580744323
24,1341421546,647324792,-0.40401418123,-3.14000337857,0.110580375623,-0.00398084276811,0.00538036925075,0.706904423987
25,1341421546,657331437,-0.40400418685,-3.14005089826,0.110633579471,-0.00418935801181,0.00522279056176,0.706785854915
26,1341421546,667273131,-0.404031172433,-3.13997458055,0.11057620561,-0.0039903248429,0.0054082654713,0.706948802576
27,1341421546,677270906,-0.404019312665,-3.14000099835,0.110577652058,-0.00403724855277,0.00537454527579,0.706978347303
28,1341421546,687386174,-0.403998476858,-3.1398976839,0.110472257521,-0.00466313540234,0.00496516091606,0.706613532234
29,1341421546,697310221,-0.404022251521,-3.14000255101,0.110589394656,-0.00408254161121,0.00531125635546,0.706889371764
30,1341421546,707331145,-0.404005623838,-3.14000654946,0.110590898739,-0.00409525022667,0.00531315682856,0.706837639886
31,1341421546,717393619,-0.404025050049,-3.13990658085,0.110435012073,-0.0044098461509,0.00513987643019,0.706716869109
32,1341421546,727367128,-0.404037192135,-3.13991291676,0.11045360231,-0.00417953178504,0.00514077620315,0.706905021155
33,1341421546,737405195,-0.403977164541,-3.1399097027,0.11046110646,-0.00440159193047,0.00506236418586,0.706635814787
34,1341421546,747340193,-0.404020975449,-3.13991803984,0.110437290357,-0.00412775057618,0.00518514556224,0.706759953343
35,1341421546,757352778,-0.40401038037,-3.14006601814,0.110689298477,-0.00425653426858,0.00523165640276,0.706672176604
36,1341421546,767348456,-0.404030773529,-3.13991875695,0.110474045927,-0.004170613514,0.00517742865234,0.706748483243
37,1341421546,777264869,-0.403973676474,-3.13991626941,0.110451307892,-0.00431545355034,0.00509948152307,0.706703805598
38,1341421546,787363679,-0.404013209028,-3.13994697741,0.110491708742,-0.00429492341123,0.00526893652175,0.706747986933
39,1341421546,797360023,-0.403982955351,-3.1399153737,0.110432624687,-0.00466786191986,0.00497839869843,0.70658500901
40,1341421546,807398104,-0.403984038644,-3.14002204577,0.110635782494,-0.004382606675,0.00517316636926,0.706632895222
41,1341421546,817354077,-0.404059131405,-3.13997597201,0.110527987139,-0.00445200082947,0.00507270310081,0.706683818046
42,1341421546,827296055,-0.403996934578,-3.13995037602,0.110511178277,-0.00412361486848,0.005345670035,0.706850292968
43,1341421546,837411588,-0.404018183252,-3.13996852402,0.110547636847,-0.0040316865246,0.00541725052083,0.706876058656
44,1341421546,847369327,-0.403985944036,-3.13993940836,0.110532780559,-0.0040823217157,0.00521351439319,0.706837777596
45,1341421546,857335201,-0.404037189735,-3.1399012029,0.110435776003,-0.00436833232664,0.00514957457366,0.706765760818
46,1341421546,867326710,-0.40402000609,-3.1399381109,0.110453597406,-0.00439829480722,0.0050529553814,0.706714894635
47,1341421546,877344539,-0.40400622797,-3.13994551823,0.110492551917,-0.00428075580081,0.00517939850801,0.706792195822
48,1341421546,887378003,-0.404013853455,-3.13994730036,0.110504582631,-0.00438709390759,0.00516958968218,0.70675788201
49,1341421546,897294121,-0.404007711163,-3.13991222574,0.110440266806,-0.00434918537183,0.005182399964,0.70674394737
50,1341421546,907366829,-0.404025898278,-3.14003911281,0.110639355032,-0.00441497984766,0.00512204697138,0.706697510675
51,1341421546,917354386,-0.404045293032,-3.13999311821,0.110572134884,-0.00448112264766,0.0051621902267,0.70667103835
52,1341421546,927266509,-0.404009121374,-3.14008060779,0.110666634976,-0.00425770712047,0.00529183356933,0.706723212386
53,1341421546,937372263,-0.404003150107,-3.14000246962,0.110580575589,-0.0040656956607,0.00534030102757,0.706847468479
54,1341421546,947307416,-0.404029766515,-3.13996225095,0.11049143139,-0.00464481934526,0.00494343951545,0.70655130596
55,1341421546,957258089,-0.40399079418,-3.13997270176,0.110530086707,-0.00412197503779,0.00532702454268,0.706859184346
56,1341421546,967552879,-0.404009940234,-3.1399362043,0.110455307258,-0.00432619616496,0.00520263288144,0.706767503971
57,1341421546,977307039,-0.403993607207,-3.14008053078,0.110682993072,-0.00419317911319,0.0052614905838,0.706642678527
58,1341421546,987373892,-0.404007058439,-3.13995149545,0.110463141623,-0.00466025770959,0.00498875573934,0.706580340161
59,1341421546,997279693,-0.403974358158,-3.13991630467,0.110450572216,-0.00436760229064,0.00496823673292,0.70668678866
60,1341421547,7292782,-0.404015562013,-3.13990164454,0.110435176989,-0.00406422560342,0.00521574532639,0.706882126105
61,1341421547,17338485,-0.40407365526,-3.13996778778,0.110504785678,-0.00450818899873,0.00510008481411,0.706626974985
62,1341421547,27396262,-0.40399538572,-3.13989722623,0.110472870134,-0.00433128508598,0.00498845872252,0.706656975313
63,1341421547,37429665,-0.404042034032,-3.13989872242,0.110435023327,-0.00420214630681,0.00517100415974,0.706777942254
64,1341421547,47338137,-0.404010019168,-3.14003140462,0.110644280535,-0.0042277528764,0.0052920088824,0.706680933765
65,1341421547,57323147,-0.403957659505,-3.13998250953,0.110552289207,-0.00424455360765,0.00514022835823,0.706794009506
66,1341421547,67400547,-0.404042927251,-3.1399093583,0.110464668925,-0.00432691029348,0.00498589349182,0.706810881967
67,1341421547,77317761,-0.404024377049,-3.13995061907,0.110534266197,-0.00394408541423,0.00542394316518,0.706877992019
68,1341421547,87376293,-0.403978316382,-3.1400130423,0.110592163972,-0.00441171235789,0.00518702923486,0.706654738575
69,1341421547,97305906,-0.404020827091,-3.13990988676,0.110464221015,-0.00416824843719,0.00516790498373,0.706767648864
70,1341421547,107340103,-0.404057981395,-3.13996036614,0.110529434674,-0.00448589438731,0.00499644073298,0.706708175333
71,1341421547,117333556,-0.404007126818,-3.14002640106,0.11060955973,-0.00406551317471,0.00530765119455,0.70688519341
72,1341421547,127346523,-0.404007479487,-3.13999260502,0.110590294735,-0.00403853073127,0.00528312919942,0.7068262288
73,1341421547,137368391,-0.403990310641,-3.13990876283,0.110463155409,-0.00428795258601,0.00499324541022,0.706736484684
74,1341421547,147387690,-0.404019665867,-3.13993522291,0.110502020091,-0.00424028688197,0.00521437501848,0.70675064815
75,1341421547,157335093,-0.40404103655,-3.13989569466,0.110472551431,-0.00433952646451,0.00504361611259,0.706849855612
76,1341421547,167291786,-0.404013946607,-3.1399048989,0.110459744333,-0.00437564771272,0.0050842372815,0.706692331847
77,1341421547,177317911,-0.404011644952,-3.13996622429,0.110557709186,-0.00453599786267,0.00502761965559,0.706739982935
78,1341421547,187255061,-0.403986103517,-3.13990862428,0.11045846385,-0.00458123930422,0.00494837959557,0.706664851697
79,1341421547,197292552,-0.40400336675,-3.13989947204,0.110394945488,-0.00427433133232,0.00499544785424,0.706672781187
80,1341421547,207340908,-0.40398508747,-3.13999615367,0.110614300716,-0.00409611986427,0.00530577638803,0.706814452989
81,1341421547,217363406,-0.404006230243,-3.13994522119,0.110500682341,-0.00469955035118,0.00493650108331,0.706569914255
82,1341421547,227221349,-0.404049740833,-3.13990845935,0.110452200636,-0.00422530526818,0.00513109571007,0.706853210688
83,1341421547,237358043,-0.404055993657,-3.1399566751,0.110489774998,-0.00443749224868,0.0050097408264,0.706676544672
84,1341421547,247302061,-0.403994653612,-3.13996414076,0.110559309077,-0.00402013641088,0.00531878354806,0.706828921535
85,1341421547,257271748,-0.403972379588,-3.13995333374,0.110456424026,-0.00450999158329,0.00491156794744,0.706630001385
86,1341421547,267382787,-0.404051386979,-3.14001608602,0.110574801034,-0.00432098568304,0.00508960302892,0.706710297209
87,1341421547,277378475,-0.404019146276,-3.13992502412,0.110451411498,-0.00431723173866,0.0051118331472,0.706777040794
88,1341421547,287342744,-0.404012744587,-3.13999584632,0.110571521957,-0.00452753453871,0.00509988078004,0.706707829301
89,1341421547,297370892,-0.40401001075,-3.1399900604,0.110558019158,-0.00413062750714,0.00541996262387,0.706926371242
90,1341421547,307337627,-0.404007416741,-3.13993751984,0.110474914141,-0.00445518748715,0.0049954010805,0.706744478302
91,1341421547,317363737,-0.404018431834,-3.14000304807,0.110606188718,-0.00389988785104,0.00530363958397,0.70687274687
92,1341421547,327394518,-0.403996170364,-3.13997447097,0.110565881328,-0.00410183913367,0.00516115557392,0.706822547015
93,1341421547,337379853,-0.403995504755,-3.13998375445,0.110578453182,-0.00398294134973,0.00535082911596,0.706887834097
94,1341421547,347318546,-0.403972821118,-3.13992960153,0.110513853496,-0.00463332726576,0.00489676772187,0.706591177534
95,1341421547,357309460,-0.404030883289,-3.13998671729,0.110544661566,-0.00441935449164,0.00517081058139,0.706708048759
96,1341421547,367495982,-0.40400493777,-3.13988169693,0.110430677893,-0.00452471614759,0.00480624869182,0.706723074695
97,1341421547,377337878,-0.404020713189,-3.13998737012,0.110538024839,-0.00460801679596,0.00500690127728,0.706556296017
98,1341421547,387277107,-0.404028450252,-3.13992905967,0.110474581129,-0.00443122597055,0.00513832030992,0.70674053634
99,1341421547,397359909,-0.403973927088,-3.14004530636,0.110657855138,-0.00435334451547,0.00516069240433,0.706686787446
100,1341421547,407345061,-0.403981018376,-3.13989755318,0.110509777804,-0.00429809485918,0.00501460996846,0.706883005205
101,1341421547,417543309,-0.404001178324,-3.13996043615,0.11053200028,-0.0041473346533,0.00512122112072,0.706806991339
102,1341421547,427271759,-0.404034264688,-3.13991505905,0.110448236619,-0.00431595740529,0.00509478611467,0.706675374883
103,1341421547,437375775,-0.404009699125,-3.13994423797,0.110500545053,-0.00428474039304,0.00510559217898,0.706689664065
104,1341421547,447450814,-0.403978749129,-3.13993617097,0.110452295985,-0.00409875038674,0.00523766117029,0.706814919902
105,1341421547,457257401,-0.4040305626,-3.13994079241,0.110475576752,-0.0044670238838,0.00503307384344,0.706700663933
106,1341421547,467287637,-0.404002669248,-3.13995929636,0.110531473068,-0.00453339377787,0.00504230057266,0.706569494859
107,1341421547,477253497,-0.404026254151,-3.13997213273,0.110533369215,-0.00452595779546,0.00504463992203,0.706597177087
108,1341421547,487246975,-0.404028060728,-3.13997256409,0.110576940989,-0.00405503572359,0.00534678127689,0.706916715286
109,1341421547,497334452,-0.40400873025,-3.13999304874,0.110589236685,-0.00398790835146,0.00532589656057,0.706832409321
110,1341421547,507326855,-0.403989173309,-3.1399744086,0.11055320178,-0.0042363743891,0.00526478961137,0.706800943168
111,1341421547,517549581,-0.404014842017,-3.1398676085,0.110400170578,-0.0043920075475,0.00504021338142,0.70670028435
112,1341421547,527378339,-0.403974585403,-3.13992786178,0.110478439699,-0.00445724562479,0.00498534360799,0.706709889579
113,1341421547,537355837,-0.404013386642,-3.13994262877,0.110570753372,-0.00388810407567,0.0053194142381,0.70696499966
114,1341421547,547360766,-0.403984163079,-3.14002298512,0.110636281354,-0.00437439969734,0.00518444380402,0.706653513791
115,1341421547,557316997,-0.404017811381,-3.13989412165,0.110430536737,-0.0042599834345,0.00519128449457,0.706738936631
116,1341421547,567407405,-0.403990844049,-3.13987440247,0.110462293187,-0.00430504606943,0.00509211536149,0.706787100073
117,1341421547,577337770,-0.404002179346,-3.13996286231,0.110520128485,-0.00428627331144,0.00511095066613,0.706742512356
118,1341421547,587290390,-0.403992127183,-3.13998119317,0.110553702518,-0.00413722162778,0.00524530494031,0.706754495853
119,1341421547,597310077,-0.40401272224,-3.13997310888,0.110535031816,-0.00454677225841,0.00502071244391,0.706644087831
120,1341421547,607341456,-0.403988518645,-3.13994180414,0.11049981638,-0.0042003463516,0.00509566431027,0.706812898636
121,1341421547,617457435,-0.404005753655,-3.13996260383,0.110518863425,-0.00435071489288,0.00510284717884,0.706710578909
122,1341421547,627351200,-0.403989925999,-3.14003433785,0.110641914214,-0.00444683134675,0.00505071663302,0.706667682223
123,1341421547,637433843,-0.403998050645,-3.13989036534,0.110446057183,-0.00429102600277,0.00509236490405,0.706724686975
124,1341421547,647356174,-0.404053404589,-3.13990401057,0.110443648652,-0.00423925759394,0.0050785466799,0.706768352902
125,1341421547,657411604,-0.403982706686,-3.13998233122,0.110592170338,-0.00386978891624,0.00528107639069,0.70693273604
126,1341421547,667412136,-0.404051730643,-3.14004807506,0.110658201985,-0.00417527974449,0.00531418999858,0.706796979247
127,1341421547,677313692,-0.404024423122,-3.13987980969,0.110377691868,-0.00434518128865,0.00504477389935,0.706656496931
128,1341421547,687588001,-0.404015673828,-3.13996371129,0.110576337888,-0.00433175958627,0.00506691942785,0.706668151209
129,1341421547,697416153,-0.404032717786,-3.1399380653,0.110487953134,-0.00466533388383,0.00504591546766,0.706574776154
130,1341421547,707413545,-0.404007451635,-3.13992123059,0.110437095812,-0.00429205503406,0.00508033181404,0.706705915909
131,1341421547,717464866,-0.403989018839,-3.13991563687,0.110420792911,-0.00457790044255,0.00491439092047,0.706612230603
132,1341421547,727310453,-0.403973344222,-3.13997772026,0.110566955055,-0.00417388809536,0.00519529522033,0.706820358086
133,1341421547,737442280,-0.404040073358,-3.13999046962,0.110544854641,-0.00455704940831,0.00517276802732,0.706615053326
134,1341421547,747378292,-0.404059412172,-3.1399627379,0.110516895707,-0.00446358216781,0.00505882048972,0.706580234946
135,1341421547,757408504,-0.403999231197,-3.13990564554,0.110446846764,-0.00430171605127,0.00503690759756,0.706669300383
136,1341421547,767470344,-0.404013269743,-3.13989919469,0.110411517741,-0.00441773632051,0.00522185247206,0.706704632873
137,1341421547,777289419,-0.403988875391,-3.14001099431,0.110595962739,-0.00393213534493,0.00547493293693,0.706890856123
138,1341421547,787355098,-0.403975584788,-3.1399263872,0.110488859946,-0.00454164560514,0.00496676769797,0.706657408827
139,1341421547,797390348,-0.40400834225,-3.13997736543,0.11052039895,-0.00409299507321,0.00541654324446,0.706943266706
140,1341421547,807351969,-0.403990640337,-3.13995694113,0.110530415432,-0.00436439344349,0.00513852302939,0.706698037034
141,1341421547,817366141,-0.404033038243,-3.13991318719,0.110457271907,-0.00427556610935,0.00508775380182,0.706723063587
142,1341421547,827354438,-0.404026304393,-3.14006844515,0.110677138349,-0.00433249722602,0.00522974240536,0.706712677283
143,1341421547,837329780,-0.404008375988,-3.13992163108,0.110486870259,-0.00426255335243,0.00513541666821,0.706788132824
144,1341421547,847364667,-0.403970350555,-3.13998031586,0.110535673579,-0.00458441651757,0.00496795249945,0.706519953089
145,1341421547,857377660,-0.4040197767,-3.13992318347,0.11048608216,-0.00443350725607,0.00506583061439,0.706683753441
146,1341421547,867466119,-0.404008306913,-3.14001760602,0.110608949749,-0.00410917652693,0.00531432181006,0.706852295886
147,1341421547,877355640,-0.403960667629,-3.13998773833,0.110555729329,-0.00425197142288,0.005298083424,0.706762422475
148,1341421547,887291042,-0.404013567823,-3.13999250445,0.110546601929,-0.00443778288755,0.00506750322676,0.706622502024
149,1341421547,897402934,-0.403980339286,-3.1399150971,0.110447916826,-0.00453608974211,0.00491699158179,0.70663463817
150,1341421547,907386914,-0.403969746792,-3.13996646173,0.110562006588,-0.00425716381168,0.00520491819625,0.706789501424
151,1341421547,917401269,-0.404043105512,-3.14003449827,0.110655948602,-0.00419095894529,0.00535972931145,0.706819370012
152,1341421547,927291529,-0.404037297821,-3.13990729817,0.110435457768,-0.00435050049879,0.00518698071372,0.706762962093
153,1341421547,937309886,-0.404000586401,-3.1399623571,0.110517552942,-0.00453675335723,0.00497834673467,0.706580307443
154,1341421547,947357469,-0.404044109119,-3.13990942109,0.110422936307,-0.00435079454946,0.00524746201312,0.706732777505
155,1341421547,957320485,-0.404035783509,-3.13998784283,0.11055070836,-0.00394608234898,0.00545656576244,0.706908116504
156,1341421547,967341001,-0.40401918009,-3.13997336407,0.110585975091,-0.003945716925,0.00539582249712,0.706907135343
157,1341421547,977414445,-0.404050754061,-3.13996044255,0.110511660041,-0.00443953416602,0.00512231387188,0.706731409793
158,1341421547,987342019,-0.404007742363,-3.14005157394,0.110629107502,-0.00441896085048,0.0052091718864,0.706637999448
159,1341421547,997316306,-0.404009999004,-3.13989890466,0.110429778541,-0.0044815789425,0.0051213305273,0.706699179168
160,1341421548,7394255,-0.403977977311,-3.13997262069,0.110557783745,-0.00412211150004,0.00526084530501,0.70693135741
161,1341421548,17333210,-0.404006686703,-3.1399292626,0.110501305146,-0.00413942334765,0.00517711046423,0.706824761328
162,1341421548,27318354,-0.403982046993,-3.13997080829,0.110550200488,-0.00429598011844,0.00520168681129,0.706778208218
163,1341421548,37380161,-0.404005074216,-3.13999969398,0.110582105943,-0.0039783735385,0.00542888639216,0.706974652162
164,1341421548,47355136,-0.403990261716,-3.1400240082,0.110622119368,-0.00424970657451,0.00511429247078,0.706702870006
165,1341421548,57329199,-0.40399970192,-3.13998020957,0.110588492425,-0.0040095944515,0.00536727852464,0.706850984039
166,1341421548,67320865,-0.403984091838,-3.13995902402,0.110551828287,-0.00414820833575,0.00521268744528,0.706787955809
167,1341421548,77506439,-0.404010186996,-3.13994920086,0.110481215582,-0.00423108789954,0.00527498012502,0.706837094147
168,1341421548,87304446,-0.404004119462,-3.13996900444,0.110572608598,-0.004004816251,0.00535757561404,0.706935085167
169,1341421548,97335974,-0.404005382161,-3.13990874108,0.110448124662,-0.00441276864037,0.00508326924763,0.706756852727
170,1341421548,107290738,-0.403986641652,-3.13985131891,0.110373032733,-0.00431446363054,0.0050375028134,0.706707600417
171,1341421548,117313563,-0.404060906929,-3.13996483303,0.110501662329,-0.00445228136817,0.00510143579643,0.706714103563
172,1341421548,127305198,-0.404007424694,-3.14000939299,0.110633786784,-0.00413587557627,0.00518242062839,0.706894422914
173,1341421548,137331867,-0.404047926263,-3.13995699613,0.11052521456,-0.00444572907997,0.00514681665908,0.706691939577
174,1341421548,147314787,-0.404004606498,-3.13992693927,0.110503031443,-0.00419715295253,0.00519093239565,0.706751290753
175,1341421548,157314547,-0.404055627246,-3.13996914022,0.110526320106,-0.00447991175577,0.00504533456975,0.706671264982
176,1341421548,167353871,-0.403994364714,-3.14001135651,0.110584991464,-0.00434454016225,0.00515442351307,0.706627586028
177,1341421548,177338929,-0.404004816201,-3.13990743034,0.110419330559,-0.00460108568816,0.00490675117566,0.706633083732
178,1341421548,187315759,-0.404008691833,-3.14004099428,0.110631609615,-0.00409383980784,0.00524007920727,0.706753682521
179,1341421548,197363236,-0.403990732154,-3.13991287747,0.11040715372,-0.0044872826521,0.00501228734964,0.706613970566
180,1341421548,207370378,-0.404016163914,-3.13992442576,0.110452967846,-0.00419779131005,0.00525056663968,0.706822782926
181,1341421548,217302038,-0.404019297448,-3.14005991879,0.110678524242,-0.00412642543652,0.00533115155087,0.706759961055
182,1341421548,227250658,-0.403960784054,-3.13993417395,0.110464814749,-0.00439377257611,0.00505753820787,0.706632050696
183,1341421548,237386341,-0.404007242418,-3.13996805003,0.11052073441,-0.00473387181937,0.00496856975866,0.706556357954
184,1341421548,247371378,-0.404039531945,-3.13992628485,0.110448046215,-0.00431770646316,0.00507446353067,0.706791987963
185,1341421548,257302603,-0.404004847641,-3.1400119073,0.110569998132,-0.00410358186399,0.00531058103544,0.706910445508
186,1341421548,267253349,-0.404004921668,-3.13991857948,0.110471943369,-0.00421025648789,0.00506744178472,0.706738374344
187,1341421548,277284301,-0.40400637592,-3.13993185352,0.110466245721,-0.00435989865278,0.00511110511173,0.706697670167
188,1341421548,287313416,-0.403969290403,-3.13998132382,0.110565045837,-0.00422616080847,0.00515434806045,0.706826029543
189,1341421548,297316054,-0.404032185672,-3.14004641504,0.110645490117,-0.00419083966666,0.0053156323465,0.706762661415
190,1341421548,307288891,-0.404013870727,-3.13990637564,0.110448151563,-0.00443909357864,0.00503966439258,0.706720458261
191,1341421548,317347661,-0.404009657787,-3.13996040595,0.110507306095,-0.00375518740412,0.005441676512,0.706931360551
192,1341421548,327363516,-0.403988374925,-3.13998237873,0.110565717659,-0.00400940459992,0.00532019611898,0.70692461164
193,1341421548,337383215,-0.404000047558,-3.13987716746,0.110401000934,-0.00449659346039,0.00496072746848,0.706630992536
194,1341421548,347348265,-0.40397856979,-3.14000769693,0.110593004194,-0.00393272724953,0.00536742362153,0.706832998569
195,1341421548,357389198,-0.404033329646,-3.13993090103,0.110501077808,-0.00428119677442,0.00517450304443,0.706814364942
196,1341421548,367323418,-0.403998659387,-3.13996086905,0.110509436535,-0.00417596633427,0.00519992581073,0.706793113639
197,1341421548,377327068,-0.404012207389,-3.1398629067,0.11040406309,-0.00445128252257,0.00480369764209,0.706750475107
198,1341421548,387317494,-0.403985603376,-3.13997829872,0.110541947767,-0.00415575278129,0.00530052628626,0.706848035998
199,1341421548,397327968,-0.404032853594,-3.1398949263,0.110404917142,-0.00446226276154,0.00500444947835,0.706689960142
200,1341421548,407395662,-0.403971261771,-3.13996224871,0.110537822546,-0.00416135801941,0.00521205586435,0.706861131501
201,1341421548,417423026,-0.403963201759,-3.13998291542,0.110587646541,-0.00402054877805,0.00536879034631,0.706880726475
202,1341421548,427321511,-0.403984347244,-3.14001295642,0.110605090161,-0.00410828101841,0.00529934235234,0.706872672743
203,1341421548,437306110,-0.403958862222,-3.13996848323,0.110529660423,-0.0041527231416,0.00527303739964,0.70691572499
204,1341421548,447356640,-0.40397927288,-3.1399966467,0.110595042068,-0.00394586365251,0.00535997651436,0.706865738738
205,1341421548,457350522,-0.404026529965,-3.13993758122,0.110433699651,-0.00431784421632,0.00491191200757,0.706738682054
206,1341421548,467340691,-0.403983774479,-3.14002267052,0.11065071202,-0.00432033118672,0.00518276769235,0.706686793633
207,1341421548,477378501,-0.404018616867,-3.14007151012,0.110666790375,-0.00422400464633,0.00535306755381,0.706732434406
208,1341421548,487283123,-0.404005588029,-3.13999024517,0.110563866506,-0.00402875239613,0.00535182067696,0.706870815592
209,1341421548,497367019,-0.40398796348,-3.13999859771,0.110572079249,-0.00439324101863,0.0051695970917,0.706613245068
210,1341421548,507372290,-0.403995362665,-3.13990121076,0.110408192829,-0.00449843069412,0.00508616467556,0.706645576348
211,1341421548,517322081,-0.404005047364,-3.13994195616,0.110468801253,-0.00413441924836,0.00511200303921,0.706789923959
212,1341421548,527312073,-0.404018283953,-3.14000332843,0.110606107962,-0.00404683537937,0.00536669736824,0.706875287568
213,1341421548,537328386,-0.404061357679,-3.13995373424,0.110501485503,-0.00456793663395,0.00506755504101,0.706644859966
214,1341421548,547355313,-0.404017416717,-3.14007046829,0.110664854221,-0.00419760321055,0.00527361138544,0.70671615945
215,1341421548,557327245,-0.404007494178,-3.13998900782,0.110559395302,-0.00441476869619,0.00518064835223,0.706694904231
216,1341421548,567329490,-0.404010624512,-3.13991534765,0.110430097833,-0.00436138829748,0.00513407679914,0.706723879856
217,1341421548,577384162,-0.403990369045,-3.13999644255,0.110590896912,-0.003979362888,0.00542728554617,0.70685767477
218,1341421548,587396152,-0.403954736635,-3.14004316083,0.110640625257,-0.00440558796559,0.00515053639787,0.70662034343
219,1341421548,597525281,-0.403993314411,-3.1400056279,0.110592481013,-0.00398659582402,0.0054215927649,0.706864779462
220,1341421548,607546016,-0.404006722099,-3.13991878939,0.110413953818,-0.0043738899046,0.00506350948015,0.706724701546
221,1341421548,619246965,-0.404013631884,-3.13999013541,0.110601593287,-0.00404683293543,0.00535756042186,0.706866493626
222,1341421548,627363532,-0.404045575726,-3.13998317488,0.110529914561,-0.00458831130124,0.00515640290369,0.706608173659
223,1341421548,637474641,-0.404032276859,-3.13996586193,0.110507966099,-0.00421872276676,0.00518528821434,0.706859258485
224,1341421548,647356394,-0.403999109121,-3.13990288592,0.110445085246,-0.00447149782832,0.0049535275403,0.706683898153
225,1341421548,657418934,-0.403974481892,-3.13997035269,0.110548333487,-0.00425061287141,0.00517723022257,0.706762046325
226,1341421548,667403912,-0.404039707477,-3.14003393777,0.110643716696,-0.00417080043918,0.00540285381201,0.706812987625
227,1341421548,677333730,-0.403997079511,-3.13998294425,0.110535015481,-0.00473154296997,0.00487768501903,0.706465695547
228,1341421548,687339539,-0.404014563358,-3.13996174248,0.110557924577,-0.00409442577318,0.00526698647191,0.706894695225
229,1341421548,697394243,-0.403986051972,-3.13989673303,0.11039364878,-0.0045098258916,0.00507217748463,0.706643903584
230,1341421548,707449297,-0.403991746254,-3.13998614262,0.110574362577,-0.00401601842126,0.00542579903706,0.70681740886
231,1341421548,717440988,-0.404038993079,-3.13998120403,0.11050082046,-0.00459589105798,0.00507972537561,0.706775235989
232,1341421548,727518420,-0.403997947762,-3.13999952245,0.110579292406,-0.00392495849543,0.00545163659274,0.706833741451
233,1341421548,737395677,-0.403998807565,-3.14002619521,0.110623930189,-0.00426237090362,0.00510557634309,0.706737075231
234,1341421548,747458217,-0.403997819454,-3.13995545659,0.110494256401,-0.00427388100222,0.00519711328833,0.706773047845
235,1341421548,757370021,-0.404005882096,-3.13993981374,0.110478081125,-0.00429334001039,0.00509691136939,0.706748650551
236,1341421548,767377699,-0.404010695255,-3.13992265227,0.110414021222,-0.00441593926335,0.00506464914732,0.706709075779
237,1341421548,777313708,-0.403978201613,-3.13994685929,0.110501264073,-0.00463864622436,0.00495197815972,0.70656788618
238,1341421548,787406252,-0.403964579912,-3.13998253813,0.110589795625,-0.00430531201928,0.00513234000687,0.70675011308
239,1341421548,797476428,-0.404005347747,-3.13986497892,0.11041783948,-0.00435542089864,0.00496444273593,0.706731918267
240,1341421548,807358196,-0.40399080903,-3.13995984644,0.110549030007,-0.00420935840868,0.00519172584482,0.706834767104
241,1341421548,817388695,-0.40399693381,-3.13991737479,0.110432689447,-0.00453710209304,0.00492944674176,0.70657254825
242,1341421548,827324432,-0.403983773605,-3.13997405191,0.110597905237,-0.00402740350697,0.00525321814448,0.706891967299
243,1341421548,837429104,-0.404054027745,-3.13998375546,0.110530148161,-0.00447580041319,0.00508442203775,0.70663894678
244,1341421548,847472283,-0.404027759219,-3.1399729828,0.110542331641,-0.00430529641547,0.0051006820216,0.706640224208
245,1341421548,857336038,-0.403979393545,-3.140051564,0.110629696809,-0.00441459396917,0.00515562147649,0.706629716169
246,1341421548,867374135,-0.403989287185,-3.13997964339,0.110561874945,-0.0041278694314,0.00531390783414,0.706830007411
247,1341421548,877383477,-0.404033307589,-3.14000266134,0.110602885905,-0.00408127591424,0.00528097502875,0.706903318124
248,1341421548,887338217,-0.404021603848,-3.13997634139,0.110584329546,-0.00447448479192,0.00503772251327,0.706699065067
249,1341421548,897435568,-0.404004654145,-3.1399070405,0.110459137781,-0.00424706977997,0.00519003219448,0.706772284499
250,1341421548,907386608,-0.404056995873,-3.13988260996,0.110417089362,-0.00425237696375,0.00516180063143,0.706846658474
251,1341421548,917352757,-0.404011378369,-3.13998583081,0.110547326752,-0.00437280171759,0.00514218077412,0.706687558518
252,1341421548,927273859,-0.404015307192,-3.1398693785,0.110386110278,-0.00453239194261,0.00504787801823,0.7066471028
253,1341421548,937374193,-0.40397780329,-3.13997951749,0.11054457849,-0.00403398947817,0.0051878055573,0.706777619142
254,1341421548,947508970,-0.404014534549,-3.13998884981,0.110564647149,-0.00401023645282,0.00549928030835,0.70694427567
255,1341421548,957359824,-0.404016442108,-3.13995630655,0.110503891526,-0.00474784221549,0.00494935560933,0.706542188504
256,1341421548,967296056,-0.404002440879,-3.13999811984,0.110613061832,-0.00403746453864,0.00524674400543,0.70683433812
257,1341421548,977345903,-0.404001885487,-3.1399609807,0.110519317307,-0.00442974453727,0.00495094138063,0.706673919972
258,1341421548,987324208,-0.403989039765,-3.13997090188,0.110533411039,-0.00420051616499,0.00515903403868,0.706720273143
259,1341421548,997497714,-0.404002690538,-3.13999612635,0.110576307803,-0.00406026402154,0.0053238969226,0.706860343845
260,1341421549,7366214,-0.404005911315,-3.13995184766,0.110477633019,-0.00440062311,0.00505616533824,0.706800038194
261,1341421549,17339808,-0.404035416201,-3.13995393186,0.11047580454,-0.00467843826186,0.00492857449817,0.706542951334
262,1341421549,27328982,-0.403991055471,-3.13990332904,0.110477677915,-0.00429770027922,0.00503472131983,0.706805153192
263,1341421549,37345762,-0.404018423446,-3.13995675894,0.110549137818,-0.00393114784263,0.00542655407552,0.706894550552
264,1341421549,47363945,-0.404007340647,-3.13998006033,0.110562882393,-0.00393727202201,0.00539508897223,0.706906409709
265,1341421549,57341510,-0.404049666803,-3.13994735452,0.110509207547,-0.00445458684765,0.00508519042181,0.706654320064
266,1341421549,67296518,-0.404006236494,-3.13994614443,0.110464215336,-0.004263574395,0.00516912232435,0.706754720701
267,1341421549,77387544,-0.404024671397,-3.13993752678,0.110489624757,-0.00421263978262,0.00522459410164,0.706737371113
268,1341421549,87334806,-0.403993410524,-3.13996785005,0.110525632708,-0.00412680652601,0.00517779989735,0.706863929666
269,1341421549,97315394,-0.404049787462,-3.13993724214,0.110454072695,-0.0043191874646,0.00511632417409,0.706789023753
270,1341421549,107376982,-0.404029768246,-3.13991051756,0.110475719185,-0.00439149598901,0.00506731539153,0.706801991296
271,1341421549,117312205,-0.40400685629,-3.14004344524,0.110691595939,-0.00423584770392,0.00525377560082,0.706849218454
272,1341421549,127325211,-0.404021549977,-3.13997265088,0.110506230809,-0.00461998407935,0.00492184552679,0.70653357185
273,1341421549,137374897,-0.403991405854,-3.13997379225,0.110574187038,-0.00391675960025,0.00547161949043,0.706875569174
274,1341421549,147333061,-0.404009385585,-3.13988482164,0.110416098203,-0.00449387882965,0.00500124692284,0.706660255564
275,1341421549,157272097,-0.403990570546,-3.13987297439,0.110431904935,-0.00438967601732,0.0049231381672,0.706740526828
276,1341421549,167309794,-0.404047865537,-3.13992204284,0.110435366631,-0.0042754154897,0.00516697243107,0.706789507298
277,1341421549,177320626,-0.404021247841,-3.13991232557,0.110435638368,-0.00424278599453,0.00530708367313,0.706845916264
278,1341421549,187395507,-0.404017225842,-3.13991254668,0.110473521839,-0.00416826359132,0.00519227359252,0.706790446844
279,1341421549,197456020,-0.404006667946,-3.13993056205,0.11046246153,-0.00428493396838,0.00516752152695,0.706692220127
280,1341421549,207355896,-0.403989489839,-3.13997070391,0.1105390223,-0.00410301369781,0.00525393117695,0.706776268815
281,1341421549,217353323,-0.40401200418,-3.13997273976,0.110494112246,-0.00472632534293,0.00500209046246,0.706548474291
282,1341421549,227322171,-0.404004519513,-3.13987086238,0.110377375549,-0.00444260839826,0.00504879229054,0.706711623009
283,1341421549,237518627,-0.404029450129,-3.13992864432,0.110449253925,-0.0043149033643,0.00518010332727,0.70679052609
284,1341421549,247486751,-0.404011927063,-3.14000017295,0.110636395102,-0.0043046639654,0.00507364946274,0.706766704743
285,1341421549,257332209,-0.4039807953,-3.13991758532,0.11043785976,-0.00444987115466,0.00513138645892,0.706645825425
286,1341421549,267413513,-0.403974200512,-3.13997416346,0.110540043934,-0.00406367001899,0.00515482278041,0.706741595734
287,1341421549,277295816,-0.40398343535,-3.13990068838,0.110411515612,-0.00437555924528,0.00517422411723,0.706751381398
288,1341421549,287374560,-0.404010153457,-3.14001204731,0.11061554024,-0.00406221418009,0.00530144138761,0.706891052439
289,1341421549,297425170,-0.404006379199,-3.13999888135,0.110583515733,-0.00407631537635,0.00543644168057,0.706869487835
290,1341421549,307315134,-0.404020003045,-3.13999837573,0.110565500733,-0.00411166133926,0.00533063839043,0.706844084373
291,1341421549,317414823,-0.404034709861,-3.13993363109,0.110469949761,-0.00462496765605,0.00499274750678,0.706612870108
292,1341421549,327373589,-0.404047281004,-3.13998439087,0.110532737056,-0.00459057892651,0.00515822419084,0.706608900066
293,1341421549,337355042,-0.40403051125,-3.1399825349,0.110530525325,-0.00462131934868,0.00511986792498,0.706582018109
294,1341421549,347418917,-0.404040305264,-3.13993247059,0.110438331955,-0.00434661669914,0.00512067913836,0.70681920135
295,1341421549,357355506,-0.403956695246,-3.13995847414,0.110510493582,-0.00451481906189,0.00514515140708,0.706677688308
296,1341421549,367675888,-0.403974483294,-3.14005843264,0.110644228509,-0.00434770907373,0.00513075713939,0.706561720478
297,1341421549,377378294,-0.403974025003,-3.14001572083,0.110610653077,-0.00399795076146,0.0054406701719,0.706902815878
298,1341421549,387412111,-0.403974150677,-3.13994505961,0.110520022836,-0.00411676413776,0.0052451944172,0.706771618011
299,1341421549,397436941,-0.40401116974,-3.13996191764,0.110575764099,-0.00414346635881,0.00528022874217,0.70694690635
300,1341421549,407366140,-0.403989309699,-3.14000510365,0.110570741725,-0.00393751846658,0.00541606061259,0.706920515284
301,1341421549,417323065,-0.403980931525,-3.13995710108,0.1105238951,-0.00410665975962,0.00534379202913,0.706781338425
302,1341421549,427392303,-0.403988431364,-3.14001018703,0.110644833018,-0.00408580007209,0.00509272069517,0.706885397392
303,1341421549,437488096,-0.403994808119,-3.13988484724,0.110378398655,-0.00441882053741,0.00505906168646,0.706665589279
304,1341421549,447405406,-0.404013180036,-3.13990551267,0.110459445448,-0.00432754093095,0.0051202167229,0.7067248958
305,1341421549,457384450,-0.404000877569,-3.13989083368,0.110433298064,-0.00442684766658,0.00495668665381,0.706716094896
306,1341421549,467408438,-0.404018195694,-3.13993983399,0.110491313976,-0.00417610643406,0.00522305310635,0.706793715974
307,1341421549,477337968,-0.404007686679,-3.13994397066,0.110497219139,-0.00470006245295,0.00493940603919,0.706497270309
308,1341421549,487348290,-0.404002462373,-3.13988794289,0.110378502522,-0.00451063915966,0.00511634215026,0.706636088493
309,1341421549,497391151,-0.404058939365,-3.1399608296,0.110512934332,-0.00453553839704,0.00513243252531,0.706676709472
310,1341421549,507356195,-0.404021768689,-3.13992376976,0.110448507995,-0.00431615403254,0.00519228145134,0.706849924476
311,1341421549,517398590,-0.40401505483,-3.13997858466,0.110575812098,-0.00395817268519,0.00541104437252,0.706961466696
312,1341421549,527346523,-0.403970015329,-3.1399521247,0.110484130521,-0.00430334808061,0.0049733710874,0.706658118099
313,1341421549,537410491,-0.404001392563,-3.13999072922,0.110552874278,-0.00404962633424,0.00537799339001,0.70690769513
314,1341421549,547430997,-0.403994370348,-3.1398990281,0.110433009558,-0.00432628628518,0.00513024506904,0.706790945812
315,1341421549,557343287,-0.404030327794,-3.14000588939,0.110573601122,-0.00440213891131,0.00507358989974,0.706679948962
316,1341421549,567371290,-0.404032198787,-3.13991500945,0.110480018573,-0.00404591589243,0.00511508217795,0.70688638691
317,1341421549,577410692,-0.404006998146,-3.13999627191,0.110525798711,-0.00406590756461,0.00548636796076,0.706979645987
318,1341421549,587408498,-0.404002566018,-3.1398875787,0.110400965303,-0.00453767508735,0.00496544194224,0.706613244834
319,1341421549,597428021,-0.40400470716,-3.1399685615,0.110537102208,-0.00418730138551,0.00519550388864,0.7068379391
320,1341421549,607434212,-0.404017158533,-3.13991735193,0.110473707471,-0.00418355372857,0.00523745694623,0.70675671427
321,1341421549,617392876,-0.404023129408,-3.1399502757,0.110573156414,-0.00395104586981,0.00531780095792,0.707023071213
322,1341421549,627385600,-0.404021100176,-3.13993933192,0.110488814952,-0.00448206249599,0.00510634259613,0.706715208822
323,1341421549,637371535,-0.40400141452,-3.13993714985,0.110494133795,-0.00413791345155,0.00527671866938,0.706839673123
324,1341421549,647352902,-0.404001771893,-3.13989714414,0.110421886681,-0.00434170237391,0.00516171037549,0.706730960955
325,1341421549,657331567,-0.404031602829,-3.13991819875,0.110437206215,-0.00441279939548,0.00519936754446,0.706711679464
326,1341421549,667312044,-0.404028584792,-3.13995071301,0.110520521791,-0.00391192497094,0.00541098060631,0.706985681039
327,1341421549,677335027,-0.404005568101,-3.13989236544,0.110434421913,-0.00434514720646,0.00506612215902,0.706700365189
328,1341421549,687366730,-0.404050943604,-3.13992149528,0.110434411543,-0.00429430340776,0.00519559920447,0.706757639173
329,1341421549,697346018,-0.404011308455,-3.13990972361,0.110434122985,-0.00445618091139,0.00503949612646,0.706753275805
330,1341421549,707423523,-0.403991602402,-3.13991264047,0.110465255834,-0.00422040194283,0.005124871935,0.706752315975
331,1341421549,717386804,-0.403965387459,-3.14000081425,0.110604925585,-0.00398866754398,0.00537718914996,0.706839337721
332,1341421549,727330408,-0.40401302264,-3.13999914154,0.110615879819,-0.00411184040166,0.00525625086565,0.706868857876
333,1341421549,737378243,-0.404003658898,-3.13987311598,0.110375049942,-0.00447542617935,0.00507230697987,0.70667944489
334,1341421549,747330340,-0.404011275724,-3.13998323916,0.110553762535,-0.00463353653309,0.00491056992903,0.706584078209
335,1341421549,757359685,-0.404027021536,-3.13993012725,0.110491592975,-0.00421208480686,0.00513299771468,0.70686319857
336,1341421549,767300587,-0.403981931857,-3.14001100248,0.110620303862,-0.0043946859737,0.00522057947974,0.706681055596
337,1341421549,777255158,-0.404000053661,-3.14003778166,0.110627558833,-0.00435399175493,0.005229876533,0.706728843829
338,1341421549,787321493,-0.40399796394,-3.13991967326,0.110436936957,-0.00439109731408,0.00507164897043,0.706663750031
339,1341421549,797298291,-0.40400471269,-3.1399912346,0.110589799418,-0.00408340972226,0.00537331940518,0.706896313897
340,1341421549,807341260,-0.403976985728,-3.13996989374,0.110534101845,-0.00421729924456,0.00521155654838,0.706746123926
341,1341421549,817371761,-0.404009721063,-3.13994108257,0.110503971077,-0.00430983145759,0.00515590083556,0.706766628928
342,1341421549,827323420,-0.404038790321,-3.13999368641,0.110564977916,-0.00396015421622,0.0054393223167,0.706904071578
343,1341421549,837365854,-0.404025897504,-3.13999725673,0.110533819948,-0.00446334024967,0.00506937178852,0.706616893185
344,1341421549,847333906,-0.404017438768,-3.13991605284,0.1104347333,-0.004301968847,0.00518733956613,0.7067858695
345,1341421549,857335463,-0.404014749931,-3.13994728961,0.110441113217,-0.00425812573198,0.00521327902545,0.706703971294
346,1341421549,867378380,-0.4040245895,-3.13995696082,0.1105062383,-0.0041852475345,0.00513930868078,0.706773333226
347,1341421549,877298280,-0.404043348127,-3.13999853535,0.110548607433,-0.0042980062974,0.00516817837313,0.706672096549
348,1341421549,887324981,-0.403995262734,-3.14001060897,0.110591292821,-0.00398825625434,0.00542170898539,0.706952527209
349,1341421549,897358143,-0.404023186114,-3.13999776254,0.110568593667,-0.00399504644318,0.00541343154064,0.706888379647
350,1341421549,907299326,-0.403996062896,-3.13992216902,0.1104209811,-0.00461110612239,0.0049686357966,0.706578073696
351,1341421549,917337502,-0.403964856516,-3.13993936795,0.110480814429,-0.0044113771211,0.00506310801455,0.706709777652
352,1341421549,927285503,-0.40401887994,-3.14004037022,0.110670596518,-0.00423992798588,0.00528852426838,0.70672816791
353,1341421549,937402155,-0.404003462403,-3.13998763216,0.110566500354,-0.00404564563712,0.00533166858336,0.706905613494
354,1341421549,947351224,-0.404011726555,-3.14001316177,0.110593835231,-0.00439197428082,0.00521400974855,0.706693431315
355,1341421549,957350754,-0.404052321601,-3.13996267432,0.110501557128,-0.00449870712426,0.00519933328656,0.706654119601
356,1341421549,967421326,-0.404041364836,-3.13996155737,0.110512319903,-0.00453271501629,0.00509897950789,0.706656048447
357,1341421549,977417078,-0.403975870358,-3.14000576984,0.110594216244,-0.00403845840206,0.00546597201066,0.706936315243
358,1341421549,987390922,-0.404026267474,-3.13998708611,0.110577472156,-0.00398827552372,0.00538135252656,0.706976555414
359,1341421549,997431429,-0.403992733765,-3.1399669186,0.110539642134,-0.00408558162274,0.0052890326618,0.706838230054
360,1341421550,7386421,-0.404037954999,-3.13995201354,0.110531931856,-0.00383362915183,0.00536145584166,0.706924088465
361,1341421550,17404647,-0.404028436572,-3.14004907653,0.110647597461,-0.00428136620519,0.00525519919454,0.706708005577
362,1341421550,27333341,-0.404018135795,-3.13991318965,0.110422754399,-0.00450993694399,0.00505661349606,0.706782930325
363,1341421550,37386240,-0.403981580603,-3.13995649584,0.11055142741,-0.00412152234874,0.00513096438696,0.706798323408
364,1341421550,47378420,-0.404046311562,-3.1399275467,0.110442316087,-0.00430054256108,0.005194279591,0.706729105532
365,1341421550,57372674,-0.403979272212,-3.13996980512,0.110532654782,-0.00470520171067,0.00506080610113,0.70653679416
366,1341421550,67348056,-0.404049463957,-3.1399061191,0.110430291182,-0.00422746615535,0.00516736602681,0.706759842592
367,1341421550,77355357,-0.404011216446,-3.13991847812,0.110409438632,-0.00428967478507,0.0051654613124,0.706690683575
368,1341421550,87355314,-0.404020176837,-3.13995536546,0.110496728782,-0.0041930202399,0.00538444603765,0.706954910147
369,1341421550,97408518,-0.403989518013,-3.14000277404,0.110603206143,-0.00416225015903,0.00532839597372,0.706834274788
370,1341421550,107381507,-0.404066637385,-3.1398945399,0.110446241168,-0.0042687020477,0.00504384733714,0.706861213476
371,1341421550,117337233,-0.40398195364,-3.13998336335,0.110571476927,-0.00417356346047,0.00529847895018,0.706783479408
372,1341421550,127323205,-0.404051467348,-3.14004852938,0.110658292868,-0.00417483591612,0.00531571804013,0.706799426783
373,1341421550,137395320,-0.404047176588,-3.13999569915,0.11054654385,-0.00464583539524,0.00500109909011,0.706580832191
374,1341421550,147398479,-0.403990026698,-3.1399218186,0.110446613514,-0.00439484979696,0.0049144938208,0.706712326785
375,1341421550,157395323,-0.404018935456,-3.13992480323,0.11042504545,-0.00424023612541,0.00515357308855,0.706644545104
376,1341421550,167313686,-0.404011879808,-3.13992000064,0.110463576005,-0.0044259929001,0.00497631914098,0.706720839263
377,1341421550,177364495,-0.403934001084,-3.14000106456,0.110570943098,-0.00428723348547,0.00522280027402,0.706799771823
378,1341421550,187320539,-0.403997014668,-3.13995517276,0.110494282486,-0.00424303554191,0.0052301310689,0.70674205302
379,1341421550,197418668,-0.403935462162,-3.14000510215,0.110571531706,-0.00425252859044,0.00515673001184,0.706743841768
380,1341421550,207400954,-0.404033283584,-3.13998068876,0.110588005156,-0.00395390623033,0.00526556816182,0.706903151333
381,1341421550,217329642,-0.404020066951,-3.14003612953,0.11063194061,-0.00413549288383,0.00534718852914,0.706839667927
382,1341421550,227285015,-0.404025825151,-3.13990392941,0.110423573663,-0.00428331011889,0.00512396068043,0.706738648786
383,1341421550,237370844,-0.40401023078,-3.14000441836,0.11059272483,-0.00408528217667,0.00530781457606,0.706848821585
384,1341421550,247369731,-0.404014506924,-3.13999121614,0.110577485509,-0.00405228469147,0.00543545953733,0.706888976035
385,1341421550,257375065,-0.40402868718,-3.13999534575,0.110551809728,-0.00398390158161,0.0054606136206,0.7069523211
386,1341421550,267293191,-0.403949639863,-3.14000295485,0.110586042415,-0.0042591619596,0.00519978240505,0.706801741287
387,1341421550,277436592,-0.404026489888,-3.13990311468,0.110430028298,-0.0042236588789,0.00521084872437,0.706752466047
388,1341421550,287282554,-0.404005540943,-3.13997974556,0.110547971107,-0.00399688678716,0.00533099666809,0.706881124775
389,1341421550,297325176,-0.404013377616,-3.13991482305,0.110470155985,-0.00440493110114,0.00516153570611,0.706764381308
390,1341421550,307328330,-0.404052212749,-3.13992236958,0.110450173568,-0.00433379167155,0.00508656274849,0.706749198213
391,1341421550,317349613,-0.404036386599,-3.14004921304,0.110648167769,-0.00420257659479,0.00531858863781,0.706753463117
392,1341421550,327342121,-0.404030580471,-3.13990074689,0.110397717353,-0.0043920493323,0.00502557867895,0.706731072936
393,1341421550,337388733,-0.403971998813,-3.13997576042,0.110554229288,-0.00400490992731,0.00520205005377,0.706768867509
394,1341421550,347331322,-0.404003215231,-3.13999632149,0.110588722296,-0.00400177404846,0.00532989437633,0.706820849654
395,1341421550,357324179,-0.404053618189,-3.13997135553,0.110527097579,-0.00447743101204,0.00511028046194,0.706708637138
396,1341421550,367308891,-0.403983212665,-3.14000665807,0.110572945753,-0.00422236785777,0.00517887171824,0.706800580597
397,1341421550,377335978,-0.40400425184,-3.13994848105,0.110479328309,-0.0043757359717,0.0051335021599,0.706747357506
398,1341421550,387329085,-0.404030821238,-3.13990385465,0.110443304359,-0.0042488613127,0.00506275186155,0.706731719039
399,1341421550,397371642,-0.403986737592,-3.13990889452,0.11041269773,-0.00439939346125,0.00515808076138,0.706711950638
400,1341421550,407324702,-0.404003269216,-3.1399547279,0.110511578518,-0.00406053901233,0.00538371639565,0.706878734554
401,1341421550,417357429,-0.40403160509,-3.14003232741,0.110596022684,-0.00441282773063,0.00528557481277,0.706765878707
402,1341421550,427322683,-0.404001489618,-3.14000944633,0.110603353836,-0.00418848841177,0.00534891539925,0.706947648145
403,1341421550,437443109,-0.40400863326,-3.13992280355,0.110477791719,-0.00429919122983,0.00514068794866,0.706769622993
404,1341421550,447397350,-0.403993357276,-3.13995254746,0.110508856017,-0.00415239954238,0.00529605227837,0.706897963923
405,1341421550,457422445,-0.403990712926,-3.13994218241,0.110467856552,-0.00434884560818,0.00515609227324,0.706697674957
406,1341421550,467365354,-0.403997484851,-3.13994910105,0.110517388384,-0.00427156832473,0.00511511763627,0.706753780481
407,1341421550,477366057,-0.404041991095,-3.1400145814,0.110627226509,-0.00417965518675,0.00534497222122,0.706822725553
408,1341421550,487384528,-0.404055388791,-3.13996438922,0.110516225316,-0.00457492015387,0.00511352860505,0.706625924606
409,1341421550,497373644,-0.403979305161,-3.13996600588,0.110500102689,-0.00440839981035,0.00501400136549,0.706654821913
410,1341421550,507350597,-0.403993583805,-3.13989513584,0.110434339425,-0.00452632830869,0.00494672387625,0.706695901276
411,1341421550,517280161,-0.404008952632,-3.1399151231,0.110423644154,-0.00443991743025,0.0051519955916,0.706690367855
412,1341421550,527385234,-0.403983730655,-3.14003466546,0.110622476777,-0.00407652373838,0.00529335787818,0.706873651657
413,1341421550,537374641,-0.404016685063,-3.13992586293,0.110463013743,-0.00438887705652,0.00517531217366,0.706822127365
414,1341421550,547372335,-0.404005112476,-3.13999096449,0.11057330834,-0.00409114730381,0.0052451262603,0.706867452003
415,1341421550,557339067,-0.404026384253,-3.13994318598,0.110464532408,-0.00423831411665,0.00523455234331,0.706906929686
416,1341421550,567324189,-0.403996848649,-3.13993263779,0.11048994706,-0.00443881644858,0.00497950674399,0.706649053063
417,1341421550,577320314,-0.404038341178,-3.13997115782,0.110525744757,-0.00448143507064,0.00501860245918,0.70657856677
418,1341421550,587409809,-0.404017691924,-3.13996482383,0.110508109161,-0.00425396575858,0.00511418565511,0.706727366589
419,1341421550,597355097,-0.404016409978,-3.13998700292,0.110561229012,-0.00399601621106,0.00534090696373,0.706901236132
420,1341421550,607466152,-0.40397315579,-3.13991459808,0.110450356609,-0.00432442078187,0.00516309223269,0.706634306748
421,1341421550,617423396,-0.404053475984,-3.13988928615,0.110405758972,-0.00423916322614,0.00521682136274,0.706804241929
422,1341421550,627376131,-0.403983728878,-3.13997041567,0.110542666728,-0.00411668816885,0.00534651801949,0.706855839086
423,1341421550,637478096,-0.404026112535,-3.13992019101,0.110461247721,-0.00430911247161,0.00507961831547,0.706769235116
424,1341421550,647406797,-0.404030495263,-3.13993694871,0.110466542552,-0.0044009259734,0.00521759978121,0.70674906643
425,1341421550,657405703,-0.404052648254,-3.14004419357,0.110670053842,-0.00414506571645,0.00527444867914,0.706777559599
426,1341421550,667361177,-0.404020680509,-3.1399194431,0.110464989275,-0.00425679274704,0.00519691018912,0.706773054741
427,1341421550,677342281,-0.40401664797,-3.13992359588,0.110459707242,-0.00443052012846,0.00514103442745,0.706715006655
428,1341421550,687352978,-0.403999470269,-3.1399372231,0.110443435607,-0.0043453739963,0.00518027974252,0.706681142516
429,1341421550,697354269,-0.404011723766,-3.13995322562,0.110479262759,-0.00435906764792,0.00510240496123,0.706794965223
430,1341421550,707364953,-0.404023199791,-3.13993000145,0.11047628178,-0.00428121797042,0.00515028891285,0.706693326575
431,1341421550,717354868,-0.404053813908,-3.13998447397,0.110529999828,-0.00453296241852,0.00509325257482,0.706680449358
432,1341421550,727266481,-0.404012360585,-3.13998717551,0.110579286607,-0.00383473808954,0.0053527431156,0.706973405545
433,1341421550,737364915,-0.403980216402,-3.13997242893,0.110515538829,-0.00413552963283,0.00531482006951,0.706827082086
434,1341421550,747323072,-0.403955235668,-3.13989341765,0.110457913961,-0.00443162499707,0.00509104130993,0.706708645291
435,1341421550,757336175,-0.403993988084,-3.13995625532,0.110530454139,-0.004239003071,0.004858331411,0.706887450599
436,1341421550,767358703,-0.404008823267,-3.14001031559,0.110581429992,-0.00397922655111,0.00531833347618,0.706861044171
437,1341421550,777299014,-0.40403895581,-3.1398654288,0.110377861548,-0.00439258650752,0.00510780392131,0.706742805222
438,1341421550,787371260,-0.404002057241,-3.13999518122,0.110576863403,-0.00408863256453,0.00538923844753,0.70686041491
439,1341421550,797372609,-0.404016505207,-3.14004662503,0.110660640717,-0.00427056364474,0.00533589211733,0.706871718331
440,1341421550,807303219,-0.404067916069,-3.13994386622,0.110536882249,-0.004413587878,0.00494068291605,0.706723802085
441,1341421550,817418527,-0.404046048926,-3.13992272036,0.110461804717,-0.00444186956801,0.00514596932812,0.70681361997
442,1341421550,827352186,-0.404021367641,-3.1399653674,0.110510897103,-0.00428804791736,0.00511650148057,0.706757179168
443,1341421550,837463216,-0.403990414691,-3.13999658599,0.110545957881,-0.00413356149845,0.00525067906476,0.706771372301
444,1341421550,847380293,-0.404019147756,-3.13991277538,0.110421160325,-0.00446421658009,0.00504079598125,0.706663213841
445,1341421550,857393314,-0.404001548039,-3.13998526386,0.110483873442,-0.00467477497834,0.00489432319989,0.706517356202
446,1341421550,867353406,-0.404019882943,-3.13991309405,0.110434123526,-0.00426999055196,0.00514522606635,0.706770609368
447,1341421550,877348490,-0.404027141005,-3.13997081435,0.110552642204,-0.00436243497152,0.00516544401102,0.706757446128
448,1341421550,887360632,-0.403997580975,-3.1399474234,0.110490827315,-0.00429519032161,0.00528305726009,0.70685681939
449,1341421550,897367497,-0.404017535777,-3.13994239893,0.110464187709,-0.0043511987682,0.00513296318187,0.706767913497
450,1341421550,907353409,-0.404005849683,-3.13996683611,0.110512954521,-0.00415174265882,0.00527822444391,0.706823988613
451,1341421550,917409379,-0.404002391627,-3.13997982781,0.110549692734,-0.00395263750694,0.00537341193189,0.706932258313
452,1341421550,927445126,-0.403976344688,-3.14003341919,0.110609119066,-0.00412218202957,0.00531286786808,0.706810469448
453,1341421550,937427300,-0.403990981857,-3.14002369621,0.110619786424,-0.00433441978592,0.00510150362315,0.706621907659
454,1341421550,947387483,-0.404001537618,-3.13998800871,0.110599726719,-0.00410944396864,0.00530856952827,0.706884075309
455,1341421550,957396075,-0.403987366056,-3.13998440246,0.110551507149,-0.0046463531004,0.00502339157032,0.706562432267
456,1341421550,967330184,-0.403959611572,-3.13992901821,0.110480810879,-0.00442800098415,0.00511106898051,0.706667570651
457,1341421550,977378536,-0.404002075642,-3.13996583696,0.110515442996,-0.00411860571148,0.0052944800608,0.706826175825
458,1341421550,987416375,-0.404012146113,-3.13992725273,0.110472812841,-0.00442710539622,0.00511323523569,0.706668215224
459,1341421550,997429804,-0.403948334324,-3.13993926076,0.110480626534,-0.00427967918107,0.00490463702059,0.706703412177
460,1341421551,7384742,-0.404031901174,-3.13996884909,0.11052520194,-0.00395812843993,0.00541569221718,0.706880312163
461,1341421551,17425459,-0.403974114672,-3.13997358233,0.110551096045,-0.00425931683659,0.00523914900858,0.706795654336
462,1341421551,27343768,-0.404013326192,-3.13998002271,0.110542086067,-0.00415908018682,0.00527069120278,0.706805270471
463,1341421551,37424141,-0.404025005739,-3.13990395574,0.110474557192,-0.00438405894533,0.0050391331863,0.706821338839
464,1341421551,47599217,-0.404017527379,-3.13997539965,0.110568341379,-0.00432311672531,0.00515260521058,0.706644748713
465,1341421551,57312867,-0.404026345896,-3.13992540924,0.110476232459,-0.00424763828256,0.00523651101433,0.706812982655
466,1341421551,67319300,-0.40404990628,-3.13996397695,0.11055043249,-0.00442648930503,0.00512057380513,0.706656140899
467,1341421551,77321856,-0.404036775954,-3.13994046943,0.110537385759,-0.00454799865994,0.00500081020855,0.706710524743
468,1341421551,87296797,-0.403937286564,-3.13992404769,0.110452093961,-0.00433055355172,0.00511128168496,0.706707227981
469,1341421551,97380183,-0.404037806714,-3.13989895033,0.110421597909,-0.00439259641507,0.00515492190643,0.706739864984
470,1341421551,107320466,-0.40398531895,-3.14000331471,0.110546489254,-0.00418054298777,0.00526716337161,0.706790674063
471,1341421551,117350604,-0.403974893956,-3.13994641011,0.110467385891,-0.00467464396113,0.00502567378839,0.706576473728
472,1341421551,127351490,-0.404007461201,-3.14001603127,0.110606321267,-0.00433720849235,0.00514703874196,0.706706874755
473,1341421551,137376337,-0.404008033935,-3.13993479394,0.110450591631,-0.00424056549416,0.00524543152622,0.706802598212
474,1341421551,147394511,-0.403983327781,-3.14000849642,0.110635302078,-0.00410833003113,0.00514429334263,0.70692154195
475,1341421551,157382385,-0.404038065267,-3.1399735408,0.110529128475,-0.00457861781726,0.00511162452478,0.706638264411
476,1341421551,167388877,-0.404011227563,-3.14001268953,0.110584370249,-0.00394582217434,0.00539888071559,0.707022294226
477,1341421551,177336985,-0.404009258481,-3.13995392395,0.110517776174,-0.00442553567196,0.00513468140551,0.706745397894
478,1341421551,187355330,-0.40397115008,-3.13991968761,0.11042343486,-0.00452312994898,0.00493640310268,0.706699013155
479,1341421551,197381347,-0.404025792894,-3.14006826487,0.110677342941,-0.00413058149313,0.00529853059454,0.706758747353
480,1341421551,207421594,-0.40400872604,-3.13998062849,0.110550909227,-0.00402251546092,0.00547101553623,0.706871420017
481,1341421551,217380761,-0.404041020182,-3.14000007023,0.110584233743,-0.00445234847292,0.00505958751705,0.706625235616
482,1341421551,227303917,-0.404030065013,-3.13997598146,0.110534320492,-0.00456329765086,0.00498928559108,0.706595687006
483,1341421551,237396745,-0.403989172428,-3.13989430286,0.110429645955,-0.00446059754025,0.00503228033887,0.706626609198
484,1341421551,247399119,-0.404026616885,-3.1399365255,0.110451035433,-0.00418028839109,0.00518426225022,0.706713847692
485,1341421551,257359181,-0.404006125539,-3.13989701439,0.11042867736,-0.00448070085944,0.00491520685905,0.706620203059
486,1341421551,267350732,-0.403994470985,-3.13992571304,0.110491254293,-0.00420856873199,0.00499308786527,0.706846982068
487,1341421551,277336655,-0.404038972928,-3.13996783063,0.110525468483,-0.00386980275732,0.00550038938931,0.70696979752
488,1341421551,287347549,-0.403999640051,-3.13990394286,0.110432198684,-0.00457993200732,0.00491091985317,0.706694668484
489,1341421551,297416800,-0.403984830399,-3.1398855265,0.110418579938,-0.00428253927105,0.00514501303656,0.706686007295
490,1341421551,307373752,-0.40397723654,-3.14000601061,0.110628472857,-0.00414622028793,0.00527631258039,0.706790831906
491,1341421551,317367306,-0.404047194327,-3.13995502073,0.110523762551,-0.00449618126908,0.00508916550793,0.706691145759
492,1341421551,327317685,-0.403983751105,-3.13991732355,0.110432713664,-0.00458410403984,0.00494304866522,0.706652975417
493,1341421551,337431590,-0.403980023841,-3.13996017925,0.110548723838,-0.00419071069909,0.00530227982289,0.706824672935
494,1341421551,347302528,-0.404023856299,-3.13997879902,0.110554253366,-0.00446142593736,0.00502711330207,0.706676751111
495,1341421551,357353859,-0.404019652112,-3.13998839706,0.110574425959,-0.0040153194021,0.00533198772731,0.706889968795
496,1341421551,367339354,-0.403970530169,-3.13989392927,0.110404563365,-0.00446426928462,0.00501125727413,0.70668752756
497,1341421551,377377224,-0.404025877377,-3.13998397628,0.110529593359,-0.00444787618414,0.00517364674995,0.706701528206
498,1341421551,387336318,-0.404005164148,-3.13993526691,0.110501175781,-0.0043526656183,0.00516327496026,0.706715634518
499,1341421551,397391269,-0.404003053695,-3.1399358039,0.110434721275,-0.00419937294505,0.00489123057192,0.706813815856
500,1341421551,407395589,-0.403971096094,-3.13992492786,0.110476469167,-0.0041379223346,0.00530733330572,0.706810747408
501,1341421551,417372255,-0.404014657802,-3.13988530676,0.11039017329,-0.00445422272848,0.00499785051226,0.706730816509
502,1341421551,427331948,-0.403983092789,-3.13997450173,0.11053782992,-0.00393684827639,0.0053335722425,0.706973707839
503,1341421551,437436293,-0.403975890784,-3.13988946894,0.110381903761,-0.00441809494647,0.00508698043027,0.706684090626
504,1341421551,447380233,-0.404015762548,-3.1399363168,0.110480137711,-0.00456443625531,0.0050489279013,0.70669054297
505,1341421551,457393910,-0.404000504944,-3.14000017895,0.110521652649,-0.00462126693787,0.00514731887498,0.706626307183
506,1341421551,467363522,-0.403935408548,-3.13994464239,0.11052053511,-0.00402815800898,0.00520846415774,0.706825606524
507,1341421551,477332596,-0.403974113054,-3.14001148136,0.110622311473,-0.0043128455047,0.00531566066793,0.706756656408
508,1341421551,487346060,-0.403996387509,-3.13996626583,0.110467467847,-0.00431516840005,0.0052389764204,0.706863433604
509,1341421551,497452938,-0.404001508361,-3.13993580739,0.110491272709,-0.00414121266667,0.00522538110397,0.70670893674
510,1341421551,507389999,-0.404012768506,-3.13999085247,0.110578685312,-0.0041377483714,0.00523255674938,0.706847740684
511,1341421551,517355267,-0.404016681547,-3.14000994183,0.1105884747,-0.00451998935487,0.00515520770128,0.706614556941
512,1341421551,527336709,-0.404008721553,-3.13992473715,0.110447769774,-0.00432132596226,0.00512805216077,0.70674294353
513,1341421551,537358580,-0.403996622337,-3.13988891529,0.110445143594,-0.00427506685305,0.00527500844823,0.706765641547
514,1341421551,547385991,-0.403970958635,-3.13998335253,0.11058898143,-0.00397460195277,0.00543545441373,0.706904041389
515,1341421551,557357180,-0.40398183356,-3.13998210833,0.110521616848,-0.00467677874526,0.00489687683778,0.706465196614
516,1341421551,567398598,-0.403951298828,-3.13999101696,0.110543306368,-0.00408720866548,0.00528963571468,0.706725862806
517,1341421551,577408641,-0.403929895378,-3.13996713513,0.110554654284,-0.00413886195451,0.00530920702037,0.70686300049
518,1341421551,587454600,-0.404003200388,-3.14005455905,0.11067335648,-0.00408720969504,0.00529096081812,0.706751203687
519,1341421551,597441288,-0.404029064808,-3.13995124136,0.110453722345,-0.00431645320225,0.00516251402409,0.706694538679
520,1341421551,607441565,-0.404028137704,-3.13993664604,0.11045246184,-0.00441615744434,0.0051113495778,0.706680328743
521,1341421551,617405920,-0.403958079903,-3.13990659431,0.110435730681,-0.00441124728741,0.00511205965544,0.706724975982
522,1341421551,627406039,-0.404024542844,-3.13995141216,0.110475956127,-0.00460832647605,0.00503603426081,0.706602546742
523,1341421551,637470876,-0.403969556683,-3.14000720474,0.110580053811,-0.004039295064,0.00544844150657,0.706848813009
524,1341421551,647417716,-0.40405904701,-3.13996280487,0.110502433446,-0.00450755420511,0.00507733182469,0.706668801501
525,1341421551,657414054,-0.403965841364,-3.1399646165,0.110545913935,-0.00394885648617,0.00544665730659,0.706933529819
526,1341421551,667342266,-0.403992228924,-3.13993508406,0.11046344151,-0.00435392428128,0.00515667455086,0.70680899953
527,1341421551,677324997,-0.404024181614,-3.13996480258,0.110526270072,-0.00449604209799,0.00515896846519,0.706714231449
528,1341421551,687293681,-0.403955984687,-3.13994076461,0.110508755259,-0.00444407586045,0.0049381045223,0.706866528608
529,1341421551,697338110,-0.403951151181,-3.13985496355,0.110362304643,-0.00423425655333,0.00507996899358,0.706716627123
530,1341421551,707367106,-0.404020969967,-3.13998767427,0.110518907302,-0.00460216967569,0.00502718673097,0.706568221345
531,1341421551,717365330,-0.404038522468,-3.1399637122,0.110490002725,-0.00469906265706,0.0049574541199,0.706538461328
532,1341421551,727299623,-0.403978900946,-3.14000616962,0.11057717851,-0.00407897303906,0.00532768227125,0.706860011953
533,1341421551,737410006,-0.4039734127,-3.13996077422,0.110531767262,-0.00461946482227,0.00498414775463,0.706629458846
534,1341421551,747350551,-0.403980973474,-3.13993729761,0.110512669597,-0.00439198420943,0.00508662618425,0.706724653151
535,1341421551,757422563,-0.404020382237,-3.13995834765,0.110528823088,-0.0045458305743,0.0048968264331,0.706723866883
536,1341421551,767296701,-0.40397324575,-3.14006931676,0.110651292484,-0.00422194277216,0.00529923596204,0.706787645996
537,1341421551,777346176,-0.403989273099,-3.13992931566,0.110475371211,-0.00452603295972,0.00504619386434,0.706664145243
538,1341421551,787427047,-0.403976700057,-3.13995723492,0.110523590294,-0.00415178955113,0.00533615860841,0.706953212767
539,1341421551,797361247,-0.403994308127,-3.1399921527,0.110577156326,-0.00399480541587,0.00533646211721,0.706892628124
540,1341421551,807340268,-0.403952670899,-3.13998355665,0.110537836857,-0.00447057617485,0.00505288080569,0.706614857261
541,1341421551,817410379,-0.4039570736,-3.13992788898,0.11047644357,-0.0044100335299,0.00494676175001,0.706651334566
542,1341421551,827304981,-0.403936776636,-3.13993872912,0.110454818858,-0.00434227233908,0.00507227669907,0.706663474929
543,1341421551,837371364,-0.404004990786,-3.13999079449,0.110569552296,-0.00432426554877,0.00522717991368,0.706760870579
544,1341421551,847356453,-0.40396969867,-3.13993650953,0.110479625264,-0.0041980824209,0.00521566018577,0.706792468212
545,1341421551,857334945,-0.403993333917,-3.13988696118,0.110428760242,-0.00424089123805,0.00513991499654,0.706794046982
546,1341421551,867318211,-0.404025674828,-3.1399573868,0.11053948797,-0.00448881864298,0.00508665933496,0.706611440544
547,1341421551,877326154,-0.403984949113,-3.13993711249,0.110437342045,-0.0044320912355,0.00509461833001,0.706760754521
548,1341421551,887314961,-0.403961658323,-3.14005601178,0.110679587369,-0.00418704410298,0.00531240203095,0.706719708816
549,1341421551,897386387,-0.403961018967,-3.13992062743,0.110487002881,-0.00422304980452,0.0052149973027,0.706826090195
550,1341421551,907330713,-0.403969583544,-3.14003452766,0.110645406778,-0.00407868166132,0.0052675172416,0.706796133129
551,1341421551,917325935,-0.403998521532,-3.13991445106,0.110455250545,-0.00469804767198,0.00493807808636,0.70659008906
552,1341421551,927304381,-0.403957919411,-3.13999146999,0.11059025453,-0.00405347558513,0.00541764233963,0.706892496382
553,1341421551,937353602,-0.40394893307,-3.14004233221,0.110621410597,-0.00421020446198,0.00526864228209,0.706882747826
554,1341421551,947356477,-0.403982764311,-3.13995131997,0.110487675538,-0.0046662575026,0.00493889295755,0.706571606547
555,1341421551,957338747,-0.403998138923,-3.1399382316,0.110482195937,-0.00423016890251,0.00518949374011,0.706735441626
556,1341421551,967325583,-0.403974154915,-3.13997088493,0.11053715086,-0.00397972037778,0.0055052907876,0.706868873614
557,1341421551,977338517,-0.403956849573,-3.14002479512,0.110621723419,-0.00433536670146,0.00511404562538,0.706594672799
558,1341421551,987319994,-0.403981983965,-3.13994487981,0.110491976373,-0.00411888605072,0.0051635636781,0.706708974324
559,1341421551,997353038,-0.403964586813,-3.13999991072,0.110544427184,-0.00454679423649,0.00499068731446,0.706637386169
560,1341421552,7371916,-0.404023553969,-3.14005838217,0.110647777304,-0.00420452555691,0.00538458892857,0.706740414318
561,1341421552,17328275,-0.403961401138,-3.14001212433,0.110605266174,-0.00412136734574,0.0053006456537,0.706859817137
562,1341421552,27348711,-0.404022026329,-3.13998224308,0.110518030934,-0.00441923155287,0.00509482606235,0.706628087801
563,1341421552,37346602,-0.403961087677,-3.13998560174,0.110523546793,-0.00468530584707,0.00508302559205,0.706635384484
564,1341421552,47388199,-0.403970785408,-3.14005297585,0.110671568137,-0.00419939340085,0.00541170438674,0.706805627008
565,1341421552,57315658,-0.404007452947,-3.13992102709,0.110436286554,-0.00418785183135,0.0051727134591,0.706873573673
566,1341421552,67359715,-0.403989543626,-3.13995537068,0.110536551949,-0.00443869947802,0.00508040108701,0.706681661585
567,1341421552,77308015,-0.403972185773,-3.13998593334,0.110496539764,-0.004726804584,0.00490896165347,0.706499590878
568,1341421552,87336068,-0.403984984431,-3.13991247412,0.110447200177,-0.00431774499282,0.00518348860877,0.706731392684
569,1341421552,97448412,-0.403974927166,-3.14002054867,0.110647179159,-0.00429628522769,0.00517385455322,0.706807454604
570,1341421552,107380359,-0.404017679494,-3.13991142694,0.11042150343,-0.00439045088213,0.00520585511484,0.706729697676
571,1341421552,117345619,-0.403954579454,-3.13999021015,0.110565300159,-0.00395989508223,0.00554608870477,0.706915764074
572,1341421552,127332467,-0.40399963933,-3.13993307573,0.110451255058,-0.00425546289152,0.00515854083191,0.706746619381
573,1341421552,137492915,-0.403974427094,-3.14000380986,0.110567711054,-0.00392355459985,0.00544254845568,0.706924723538
574,1341421552,147481772,-0.403996522816,-3.13993802639,0.110475175259,-0.00433165911913,0.0049980503265,0.706753992791
575,1341421552,157371894,-0.403992641333,-3.13997593056,0.110561908947,-0.00404021745635,0.00548941612038,0.70682412321
576,1341421552,167333050,-0.40399811531,-3.13992874606,0.110450199948,-0.00416494001399,0.00521940088233,0.706849873172
577,1341421552,177398989,-0.403980297284,-3.1400061442,0.110554066947,-0.00465595176577,0.00502424305134,0.706498253334
578,1341421552,187377827,-0.404018268934,-3.13992211384,0.110421813205,-0.00435832726701,0.00513682104633,0.706798157568
579,1341421552,197370374,-0.403955286433,-3.13992888061,0.110457922487,-0.00432246107737,0.0051385720484,0.706718112383
580,1341421552,207434832,-0.403971460474,-3.1399379632,0.110515242143,-0.00422936537377,0.00518540178912,0.706782684491
581,1341421552,217383776,-0.404006923781,-3.13994159234,0.110461797879,-0.00449502418421,0.00515007824179,0.706651004582
582,1341421552,227298577,-0.404006754186,-3.13991221066,0.110406251068,-0.00423320178264,0.0052628702085,0.706847074453
583,1341421552,237343728,-0.403991786007,-3.13999437082,0.110578673434,-0.00403543423104,0.00530185703928,0.706904201442
584,1341421552,247357853,-0.403964916441,-3.139942938,0.110455121498,-0.00430967178687,0.0050829070681,0.706764851542
585,1341421552,257354291,-0.404026855542,-3.14006103481,0.110665202222,-0.00418737659176,0.00533773672296,0.706767544178
586,1341421552,267350531,-0.404031401022,-3.1399249664,0.110486526888,-0.00436046162764,0.0051323620952,0.706781414138
587,1341421552,277328086,-0.403930354593,-3.14001064934,0.110576795541,-0.00411763062508,0.00526397034089,0.706786159707
588,1341421552,287370495,-0.404008261272,-3.13997098321,0.110527420586,-0.00457035018319,0.00512651142968,0.706598754813
589,1341421552,297379029,-0.404006571152,-3.13997281673,0.11049490194,-0.00457884813575,0.00499256012682,0.706571325526
590,1341421552,307435100,-0.403989189295,-3.13999781297,0.110605404764,-0.00402165197301,0.00517336950012,0.706898580284
591,1341421552,317398885,-0.403989684142,-3.13996262075,0.110492100399,-0.00443261784206,0.00514064508938,0.706654113136
592,1341421552,327301467,-0.403993139127,-3.13991211581,0.11040709555,-0.00457643707043,0.00497911189651,0.706600071398
593,1341421552,337477794,-0.403988692519,-3.13994066241,0.110463784976,-0.00441057430092,0.00505513403287,0.706691284738
594,1341421552,347407660,-0.40400171937,-3.14006749197,0.110664966736,-0.00421866492582,0.00526324139749,0.706819971556
595,1341421552,357360405,-0.403995930071,-3.13996491064,0.110507983976,-0.00437900199916,0.00508915755928,0.706702838219
596,1341421552,367350498,-0.40399891556,-3.13999227808,0.110589796526,-0.00408543161861,0.00537051426573,0.706803687729
597,1341421552,377389474,-0.403943589562,-3.13991085585,0.11050358447,-0.00440198623844,0.004842401391,0.706759670483
598,1341421552,387372571,-0.403985278629,-3.13988628968,0.110451720229,-0.00439633299169,0.0049778138163,0.706760469069
599,1341421552,397396287,-0.404010827192,-3.13992293657,0.110422892244,-0.00429031238821,0.00509929765356,0.706763442962
600,1341421552,407369651,-0.403992545445,-3.1399699706,0.110525736155,-0.00419649454476,0.00521811054178,0.706818627034
601,1341421552,417357513,-0.403995302434,-3.13999657411,0.110615718362,-0.00409003986354,0.00533581197406,0.706947749238
602,1341421552,427414743,-0.404001992172,-3.13997011812,0.110535054376,-0.00400056281253,0.00534893168415,0.706977388095
603,1341421552,437366715,-0.403993200046,-3.13996973574,0.11056407047,-0.00423452731867,0.00521616284186,0.706825783679
604,1341421552,447382584,-0.404016175063,-3.13993316625,0.110501263203,-0.00432290310698,0.00514511361342,0.706777805637
605,1341421552,457383953,-0.403984931275,-3.1399722373,0.110521031652,-0.00459811196655,0.00509838701636,0.706612421016
606,1341421552,467429362,-0.40396627336,-3.13993809364,0.110478622595,-0.00456649574896,0.00503247961349,0.706610440309
607,1341421552,477514019,-0.40401437385,-3.13993763093,0.110475227365,-0.00451815004826,0.00510108718068,0.706687953138
608,1341421552,487379330,-0.403966932265,-3.13991758705,0.110435849358,-0.00462539388199,0.00492467560319,0.706644122963
609,1341421552,497388486,-0.403991677742,-3.13993217273,0.110518006846,-0.00404231341289,0.00525434989659,0.706853268598
610,1341421552,507395392,-0.403976291398,-3.13997876862,0.110538018581,-0.00415946108449,0.00524934905557,0.706709492588
611,1341421552,517371947,-0.40401108057,-3.13994938965,0.11048689123,-0.0045897847043,0.00496630844831,0.706575810311
612,1341421552,527436509,-0.404043317742,-3.1399467537,0.110562345844,-0.00385388963496,0.0052825681996,0.70696781024
613,1341421552,537465186,-0.404015731856,-3.13995017573,0.110494946915,-0.00415456490145,0.00529806993175,0.706841023982
614,1341421552,547440400,-0.404016455823,-3.14000327957,0.110566898334,-0.00397576956373,0.00547375350317,0.706914804398
