MessageSequence,SystemTimeSecs,SystemTimenSecs,TimeStampSecs,TimeStampnSecs
3,1348766468,881922960,1348766468,880827730
4,1348766468,948777914,1348766468,947445796
5,1348766469,15342950,1348766469,14168986
6,1348766469,81974029,1348766469,80824432
7,1348766469,148642063,1348766469,147465517
8,1348766469,215467929,1348766469,214301813
9,1348766469,281915903,1348766469,280753038
10,1348766469,348731994,1348766469,347457188
11,1348766469,415436983,1348766469,414282717
12,1348766469,481939077,1348766469,480770999
13,1348766469,548798084,1348766469,547394115
14,1348766469,615322113,1348766469,614221660
15,1348766469,682004928,1348766469,680820827
16,1348766469,748264074,1348766469,747386305
17,1348766469,815428972,1348766469,814181623
18,1348766469,881557941,1348766469,880746441
19,1348766469,948283910,1348766469,947399995
20,1348766470,15263080,1348766470,14205568
21,1348766470,81834077,1348766470,80778391
22,1348766470,148647069,1348766470,147425883
23,1348766470,215378999,1348766470,214212194
24,1348766470,282090902,1348766470,280812862
25,1348766470,348759889,1348766470,347424671
26,1348766470,415311098,1348766470,414174115
27,1348766470,481990098,1348766470,480864042
28,1348766470,548779010,1348766470,547417105
29,1348766470,615278005,1348766470,614225629
30,1348766470,682039976,1348766470,680904717
31,1348766470,748703956,1348766470,747424440
32,1348766470,814937114,1348766470,814144462
33,1348766470,882011890,1348766470,880883389
34,1348766470,948640108,1348766470,947477968
35,1348766471,15383958,1348766471,14204435
36,1348766471,81914901,1348766471,80806004
37,1348766471,148669004,1348766471,147412625
38,1348766471,215365886,1348766471,214210066
39,1348766471,281949043,1348766471,280834248
40,1348766471,348527908,1348766471,347393826
41,1348766471,415433883,1348766471,414221165
42,1348766471,482040882,1348766471,480884890
43,1348766471,548566102,1348766471,547412893
44,1348766471,615360021,1348766471,614238560
45,1348766471,681979894,1348766471,680834276
46,1348766471,748586893,1348766471,747408881
47,1348766471,815291881,1348766471,814214651
48,1348766471,882117033,1348766471,880884167
49,1348766471,948652029,1348766471,947487299
50,1348766472,15264034,1348766472,14144811
51,1348766472,82051992,1348766472,80847731
52,1348766472,148385047,1348766472,147515242
53,1348766472,215388059,1348766472,214186756
54,1348766472,282027959,1348766472,280849878
55,1348766472,348628044,1348766472,347418595
56,1348766472,415358066,1348766472,414218050
57,1348766472,481910943,1348766472,480771413
58,1348766472,548588991,1348766472,547396323
59,1348766472,615468025,1348766472,614287159
60,1348766472,681906938,1348766472,680784223
61,1348766472,748553037,1348766472,747423784
62,1348766472,815512895,1348766472,814264532
63,1348766472,881836891,1348766472,880734552
64,1348766472,948437929,1348766472,947395406
65,1348766473,15312910,1348766473,14124110
66,1348766473,81733942,1348766473,80786002
67,1348766473,148489952,1348766473,147389506
68,1348766473,215301036,1348766473,214224389
69,1348766473,281960010,1348766473,280726191
70,1348766473,348587036,1348766473,347422822
71,1348766473,415319919,1348766473,414217147
72,1348766473,482000112,1348766473,480794732
73,1348766473,548600912,1348766473,547428413
74,1348766473,615279912,1348766473,614182048
75,1348766473,681998014,1348766473,680800870
76,1348766473,748684883,1348766473,747477941
77,1348766473,815290927,1348766473,814149057
78,1348766473,881922006,1348766473,880805760
79,1348766473,948719024,1348766473,947451737
80,1348766474,15352964,1348766474,14223181
81,1348766474,81984996,1348766474,80885446
82,1348766474,148639917,1348766474,147437963
83,1348766474,215450048,1348766474,214390097
84,1348766474,281936883,1348766474,280826324
85,1348766474,348668098,1348766474,347511103
86,1348766474,415405035,1348766474,414212108
87,1348766474,481916904,1348766474,480807535
88,1348766474,548273086,1348766474,547451413
89,1348766474,615243911,1348766474,614140270
90,1348766474,681967973,1348766474,680832403
91,1348766474,748492002,1348766474,747405441
92,1348766474,815013885,1348766474,814213298
93,1348766474,881963014,1348766474,880856891
94,1348766474,948559999,1348766474,947385428
95,1348766475,15322923,1348766475,14147126
96,1348766475,81943988,1348766475,80798269
97,1348766475,148252010,1348766475,147413352
98,1348766475,215361118,1348766475,214203185
99,1348766475,282025098,1348766475,280874834
100,1348766475,348524093,1348766475,347383692
101,1348766475,415420055,1348766475,414205500
102,1348766475,481952905,1348766475,480838346
103,1348766475,548573970,1348766475,547438400
104,1348766475,615361928,1348766475,614174571
105,1348766475,681870937,1348766475,680765615
106,1348766475,748672008,1348766475,747478353
107,1348766475,815323114,1348766475,814147543
108,1348766475,881995916,1348766475,880789236
109,1348766475,948749065,1348766475,947466284
110,1348766476,15369892,1348766476,14200905
111,1348766476,81922054,1348766476,80780708
112,1348766476,148631095,1348766476,147446833
113,1348766476,215068101,1348766476,214181045
114,1348766476,282089948,1348766476,280852282
115,1348766476,348450899,1348766476,347432896
116,1348766476,415482997,1348766476,414211105
117,1348766476,482052087,1348766476,480853314
118,1348766476,548552989,1348766476,547395368
119,1348766476,615483045,1348766476,614334360
120,1348766476,681971073,1348766476,680838694
121,1348766476,748554944,1348766476,747397284
122,1348766476,815453052,1348766476,814242328
123,1348766476,882047891,1348766476,880885514
124,1348766476,948529005,1348766476,947406592
125,1348766477,15038967,1348766477,14198711
126,1348766477,81962108,1348766477,80792986
127,1348766477,148752927,1348766477,147433470
128,1348766477,215351104,1348766477,214182172
129,1348766477,282018899,1348766477,280894153
130,1348766477,348588943,1348766477,347429982
131,1348766477,415462970,1348766477,414378031
132,1348766477,481911897,1348766477,480813552
133,1348766477,548620939,1348766477,547440473
134,1348766477,615451097,1348766477,614257753
135,1348766477,681607007,1348766477,680819360
136,1348766477,748672962,1348766477,747472778
137,1348766477,815428018,1348766477,814262901
138,1348766477,881937026,1348766477,880794581
139,1348766477,948147058,1348766477,947399892
140,1348766478,14960050,1348766478,14221017
141,1348766478,81708908,1348766478,80836225
142,1348766478,148341894,1348766478,147495193
143,1348766478,215472936,1348766478,214243049
144,1348766478,281919956,1348766478,280786968
145,1348766478,348601102,1348766478,347445903
146,1348766478,415036916,1348766478,414187659
147,1348766478,481600046,1348766478,480767574
148,1348766478,548527002,1348766478,547476899
149,1348766478,615395069,1348766478,614308795
150,1348766478,681961059,1348766478,680830246
151,1348766478,748627901,1348766478,747451571
152,1348766478,815278053,1348766478,814206823
153,1348766478,882026910,1348766478,880869523
154,1348766478,948724031,1348766478,947535108
155,1348766479,15413999,1348766479,14255431
156,1348766479,81769943,1348766479,80864905
157,1348766479,148569107,1348766479,147412002
158,1348766479,215291976,1348766479,214213019
159,1348766479,281939029,1348766479,280841275
160,1348766479,348541021,1348766479,347445824
161,1348766479,415272951,1348766479,414179784
162,1348766479,481964111,1348766479,480807620
163,1348766479,548574924,1348766479,547415290
164,1348766479,615281105,1348766479,614193190
165,1348766479,681639909,1348766479,680785283
166,1348766479,748595952,1348766479,747408298
167,1348766479,815298080,1348766479,814205606
168,1348766479,881750106,1348766479,880863512
169,1348766479,948570966,1348766479,947414181
170,1348766480,15285015,1348766480,14211637
171,1348766480,81958055,1348766480,80837654
172,1348766480,148253917,1348766480,147421113
173,1348766480,215354919,1348766480,214276211
174,1348766480,281938076,1348766480,280809163
175,1348766480,348694086,1348766480,347512325
176,1348766480,415298938,1348766480,414204311
177,1348766480,481947898,1348766480,480837520
178,1348766480,548403024,1348766480,547445501
179,1348766480,615387916,1348766480,614253852
180,1348766480,682051897,1348766480,680857761
181,1348766480,748409032,1348766480,747418943
182,1348766480,814929962,1348766480,814186255
183,1348766480,881963968,1348766480,880852639
184,1348766480,948605060,1348766480,947420157
185,1348766481,15310049,1348766481,14181814
186,1348766481,81995964,1348766481,80841715
187,1348766481,148566961,1348766481,147415971
188,1348766481,215270042,1348766481,214128744
189,1348766481,281651973,1348766481,280834670
190,1348766481,348397016,1348766481,347447969
191,1348766481,415354013,1348766481,414150643
192,1348766481,482024908,1348766481,480908903
193,1348766481,548511028,1348766481,547419274
194,1348766481,615510940,1348766481,614212534
195,1348766481,682018041,1348766481,680903771
196,1348766481,748652935,1348766481,747480635
197,1348766481,815253019,1348766481,814193468
198,1348766481,881989002,1348766481,880761356
199,1348766481,948681116,1348766481,947473301
200,1348766482,15429019,1348766482,14227400
201,1348766482,81911087,1348766482,80807294
202,1348766482,148324012,1348766482,147508133
203,1348766482,215316057,1348766482,214241859
204,1348766482,282031059,1348766482,280890224
205,1348766482,348318099,1348766482,347409429
206,1348766482,415292024,1348766482,414214440
207,1348766482,481987953,1348766482,480829551
208,1348766482,548579931,1348766482,547446736
209,1348766482,615113973,1348766482,614246053
210,1348766482,681966066,1348766482,680813653
211,1348766482,748342990,1348766482,747420003
212,1348766482,815182924,1348766482,814295118
213,1348766482,882026910,1348766482,880903680
214,1348766482,948390007,1348766482,947514838
215,1348766483,15480995,1348766483,14202141
216,1348766483,81958055,1348766483,80821940
217,1348766483,148669004,1348766483,147508568
218,1348766483,215159893,1348766483,214237290
219,1348766483,281914949,1348766483,280800705
220,1348766483,348680973,1348766483,347447420
221,1348766483,415378093,1348766483,414214723
222,1348766483,482043981,1348766483,480892146
223,1348766483,548664093,1348766483,547449397
224,1348766483,615314006,1348766483,614183088
225,1348766483,681945085,1348766483,680841752
226,1348766483,748425960,1348766483,747481870
227,1348766483,815068960,1348766483,814256253
228,1348766483,882011890,1348766483,880846962
229,1348766483,948635101,1348766483,947453546
230,1348766484,15352010,1348766484,14226111
231,1348766484,82048892,1348766484,80831359
232,1348766484,148225069,1348766484,147427681
233,1348766484,215282917,1348766484,214216108
234,1348766484,281939029,1348766484,280770431
235,1348766484,348598957,1348766484,347423797
236,1348766484,415338039,1348766484,414200417
237,1348766484,481966972,1348766484,480805216
238,1348766484,548304080,1348766484,547395646
239,1348766484,615293025,1348766484,614200397
240,1348766484,681988000,1348766484,680848936
241,1348766484,748589992,1348766484,747442891
242,1348766484,815305948,1348766484,814213646
243,1348766484,882091045,1348766484,880894614
244,1348766484,948636054,1348766484,947444381
245,1348766485,15362977,1348766485,14214023
246,1348766485,82071065,1348766485,80904615
247,1348766485,148643970,1348766485,147451484
248,1348766485,215282917,1348766485,214185614
249,1348766485,281759977,1348766485,280861983
250,1348766485,348603010,1348766485,347432160
251,1348766485,415307998,1348766485,414188489
252,1348766485,481990098,1348766485,480869752
253,1348766485,548633098,1348766485,547487379
254,1348766485,615107059,1348766485,614223239
255,1348766485,681668043,1348766485,680840111
256,1348766485,748594045,1348766485,747413144
257,1348766485,815152883,1348766485,814275535
258,1348766485,881948947,1348766485,880826271
259,1348766485,948415040,1348766485,947523313
260,1348766486,15507936,1348766486,14293827
261,1348766486,81991910,1348766486,80847332
262,1348766486,148632049,1348766486,147441784
263,1348766486,214915990,1348766486,214179287
264,1348766486,281990051,1348766486,280848828
265,1348766486,348527908,1348766486,347417357
266,1348766486,415348052,1348766486,414196242
267,1348766486,481986045,1348766486,480860441
268,1348766486,548676967,1348766486,547442974
269,1348766486,615334987,1348766486,614214970
270,1348766486,681988000,1348766486,680798743
271,1348766486,748686075,1348766486,747448079
272,1348766486,815188884,1348766486,814131733
273,1348766486,881788969,1348766486,880806596
274,1348766486,948580026,1348766486,947418181
275,1348766487,15361070,1348766487,14209868
276,1348766487,81969022,1348766487,80828738
277,1348766487,148602962,1348766487,147416477
278,1348766487,215301036,1348766487,214144071
279,1348766487,281960010,1348766487,280829782
280,1348766487,348576068,1348766487,347432487
281,1348766487,415405035,1348766487,414218391
282,1348766487,481962919,1348766487,480787097
283,1348766487,548293113,1348766487,547425387
284,1348766487,615375995,1348766487,614231733
285,1348766487,681977987,1348766487,680800730
286,1348766487,748353958,1348766487,747456951
287,1348766487,815382003,1348766487,814208966
288,1348766487,881995916,1348766487,880775701
289,1348766487,948584079,1348766487,947424259
290,1348766488,15305042,1348766488,14186688
291,1348766488,81693887,1348766488,80857492
292,1348766488,148551940,1348766488,147404606
293,1348766488,215303897,1348766488,214238754
294,1348766488,281729936,1348766488,280852660
295,1348766488,348687887,1348766488,347430843
296,1348766488,415349960,1348766488,414235672
297,1348766488,482029914,1348766488,480829963
298,1348766488,548612117,1348766488,547422147
299,1348766488,615405082,1348766488,614254513
300,1348766488,681996107,1348766488,680846755
301,1348766488,748261928,1348766488,747405202
302,1348766488,815335988,1348766488,814226222
303,1348766488,882030963,1348766488,880867114
304,1348766488,948596954,1348766488,947404343
305,1348766489,15059947,1348766489,14234886
306,1348766489,81996917,1348766489,80810578
307,1348766489,148453950,1348766489,147519505
308,1348766489,215358972,1348766489,214197797
309,1348766489,281733036,1348766489,280804853
310,1348766489,348649978,1348766489,347454312
311,1348766489,415286064,1348766489,414239496
312,1348766489,481734037,1348766489,480852350
313,1348766489,548552989,1348766489,547446553
314,1348766489,615142107,1348766489,614222591
315,1348766489,682008028,1348766489,680825302
316,1348766489,748601913,1348766489,747456457
317,1348766489,815335035,1348766489,814199398
318,1348766489,881968975,1348766489,880832143
319,1348766489,948621988,1348766489,947478646
320,1348766490,15445947,1348766490,14242331
321,1348766490,81924915,1348766490,80779130
322,1348766490,148582935,1348766490,147449120
323,1348766490,215078115,1348766490,214215716
324,1348766490,281964063,1348766490,280841798
325,1348766490,348630905,1348766490,347472601
326,1348766490,415390968,1348766490,414185561
327,1348766490,481970071,1348766490,480780520
328,1348766490,548589944,1348766490,547416876
329,1348766490,615389108,1348766490,614212673
330,1348766490,681981086,1348766490,680799540
331,1348766490,748529911,1348766490,747400271
332,1348766490,815424919,1348766490,814255121
333,1348766490,881891965,1348766490,880801909
334,1348766490,948242902,1348766490,947379367
335,1348766491,15341043,1348766491,14237640
336,1348766491,81967115,1348766491,80834901
337,1348766491,148627042,1348766491,147460796
338,1348766491,215346097,1348766491,214226592
339,1348766491,281797885,1348766491,280800962
340,1348766491,348583936,1348766491,347400350
341,1348766491,415396928,1348766491,414291606
342,1348766491,481972932,1348766491,480840349
343,1348766491,548589944,1348766491,547399550
344,1348766491,615449905,1348766491,614325108
345,1348766491,682039022,1348766491,680832139
346,1348766491,748295068,1348766491,747426216
347,1348766491,815428018,1348766491,814239905
348,1348766491,881637096,1348766491,880773196
349,1348766491,948247909,1348766491,947411883
350,1348766492,15136957,1348766492,14239782
351,1348766492,81909894,1348766492,80802850
352,1348766492,148570060,1348766492,147407595
353,1348766492,215465068,1348766492,214255613
354,1348766492,281909942,1348766492,280836833
355,1348766492,348299980,1348766492,347431135
356,1348766492,415373086,1348766492,414260997
357,1348766492,481915950,1348766492,480779380
358,1348766492,548613071,1348766492,547433257
359,1348766492,615401029,1348766492,614281931
360,1348766492,681652069,1348766492,680805911
361,1348766492,748553037,1348766492,747428808
362,1348766492,815105915,1348766492,814240554
363,1348766492,881952047,1348766492,880829307
364,1348766492,948621034,1348766492,947435050
365,1348766493,15290021,1348766493,14216191
366,1348766493,81928014,1348766493,80805972
367,1348766493,148633003,1348766493,147462135
368,1348766493,215315103,1348766493,214188696
369,1348766493,281913042,1348766493,280776363
370,1348766493,348587989,1348766493,347450097
371,1348766493,415381908,1348766493,414233295
372,1348766493,481992959,1348766493,480833424
373,1348766493,548615932,1348766493,547436180
374,1348766493,615499973,1348766493,614318889
375,1348766493,681950092,1348766493,680802798
376,1348766493,748706102,1348766493,747489732
377,1348766493,815241098,1348766493,814180890
378,1348766493,881666898,1348766493,880809147
379,1348766493,948570013,1348766493,947424837
380,1348766494,15341997,1348766494,14181360
381,1348766494,81881046,1348766494,80780774
382,1348766494,148534059,1348766494,147399785
383,1348766494,215179920,1348766494,214257202
384,1348766494,281918048,1348766494,280806295
385,1348766494,348592042,1348766494,347431883
386,1348766494,415400028,1348766494,414210607
387,1348766494,481939077,1348766494,480803797
388,1348766494,548320055,1348766494,547432483
389,1348766494,615279912,1348766494,614213254
390,1348766494,681663990,1348766494,680776234
391,1348766494,748241901,1348766494,747432537
392,1348766494,815049886,1348766494,814188732
393,1348766494,881983041,1348766494,880806075
394,1348766494,948286056,1348766494,947406164
395,1348766495,15456914,1348766495,14307374
396,1348766495,81996917,1348766495,80801217
397,1348766495,148344039,1348766495,147494060
398,1348766495,215390920,1348766495,214219355
399,1348766495,281972885,1348766495,280807252
400,1348766495,348571062,1348766495,347437608
401,1348766495,415030956,1348766495,414243751
402,1348766495,482031106,1348766495,480832651
403,1348766495,548273086,1348766495,547407139
404,1348766495,615062952,1348766495,614200162
405,1348766495,681627988,1348766495,680807672
406,1348766495,748588085,1348766495,747407183
407,1348766495,815402030,1348766495,814256102
408,1348766495,881952047,1348766495,880811889
409,1348766495,948561906,1348766495,947430036
410,1348766496,15490055,1348766496,14297836
411,1348766496,81902980,1348766496,80771343
412,1348766496,148633956,1348766496,147426716
413,1348766496,215358972,1348766496,214207457
414,1348766496,281610965,1348766496,280785325
415,1348766496,348259925,1348766496,347437191
416,1348766496,415406942,1348766496,414238447
417,1348766496,481923103,1348766496,480799978
418,1348766496,548573017,1348766496,547427420
419,1348766496,615433931,1348766496,614305682
420,1348766496,681998014,1348766496,680839679
421,1348766496,748611927,1348766496,747454694
422,1348766496,815529108,1348766496,814335438
423,1348766496,881957054,1348766496,880808481
424,1348766496,948566913,1348766496,947405159
425,1348766497,15316963,1348766497,14175331
426,1348766497,82026004,1348766497,80837248
427,1348766497,148112058,1348766497,147429195
428,1348766497,215365886,1348766497,214264455
429,1348766497,281635999,1348766497,280806437
430,1348766497,348258972,1348766497,347432929
431,1348766497,415080070,1348766497,414208110
432,1348766497,481944084,1348766497,480806658
433,1348766497,548594951,1348766497,547400970
434,1348766497,615061044,1348766497,614187037
435,1348766497,681690931,1348766497,680839176
436,1348766497,748265981,1348766497,747461087
437,1348766497,815076112,1348766497,814250586
438,1348766497,881685972,1348766497,880838324
439,1348766497,948575019,1348766497,947440181
440,1348766498,15376091,1348766498,14212886
441,1348766498,82045078,1348766498,80865227
442,1348766498,148530006,1348766498,147435593
443,1348766498,215332031,1348766498,214209991
444,1348766498,281913995,1348766498,280778421
445,1348766498,348587989,1348766498,347434133
446,1348766498,415381908,1348766498,414235488
447,1348766498,481950044,1348766498,480811574
448,1348766498,548639059,1348766498,547405635
449,1348766498,615453004,1348766498,614258647
450,1348766498,681921005,1348766498,680781945
451,1348766498,748616933,1348766498,747461008
452,1348766498,815465927,1348766498,814275467
453,1348766498,882042884,1348766498,880838533
454,1348766498,948584079,1348766498,947404019
455,1348766499,15289068,1348766499,14258962
456,1348766499,81856012,1348766499,80810376
457,1348766499,148566961,1348766499,147437244
458,1348766499,215358018,1348766499,214209433
459,1348766499,281981945,1348766499,280808642
460,1348766499,348279953,1348766499,347435931
461,1348766499,415306091,1348766499,414207867
462,1348766499,481570005,1348766499,480809444
463,1348766499,548470973,1348766499,547435090
464,1348766499,615335941,1348766499,614187363
465,1348766499,682002067,1348766499,680809850
466,1348766499,748253107,1348766499,747424296
467,1348766499,815072059,1348766499,814110998
468,1348766499,881699085,1348766499,880838142
469,1348766499,948174953,1348766499,947393837
470,1348766500,15326976,1348766500,14221217
471,1348766500,81813097,1348766500,80810397
472,1348766500,148603916,1348766500,147443615
473,1348766500,215765953,1348766500,214355925
474,1348766500,282242059,1348766500,280870681
475,1348766500,348572969,1348766500,347438939
476,1348766500,415466070,1348766500,414216384
477,1348766500,481770992,1348766500,480790849
478,1348766500,548634052,1348766500,547545757
479,1348766500,615742921,1348766500,614288923
480,1348766500,681674003,1348766500,680776518
481,1348766500,748620986,1348766500,747443195
482,1348766500,815424919,1348766500,814253019
483,1348766500,881906986,1348766500,880806227
484,1348766500,948514938,1348766500,947430600
485,1348766501,15288114,1348766501,14214345
486,1348766501,81876039,1348766501,80782884
487,1348766501,148669004,1348766501,147455717
488,1348766501,215425014,1348766501,214244099
489,1348766501,281989097,1348766501,280812321
490,1348766501,348638057,1348766501,347441219
491,1348766501,415328025,1348766501,414222277
492,1348766501,481652021,1348766501,480859750
493,1348766501,548563957,1348766501,547407188
494,1348766501,615078926,1348766501,614172151
495,1348766501,681977033,1348766501,680836853
496,1348766501,748528957,1348766501,747417362
497,1348766501,815360069,1348766501,814213089
498,1348766501,882008075,1348766501,880842327
499,1348766501,948602914,1348766501,947438183
500,1348766502,15331029,1348766502,14187162
501,1348766502,82012891,1348766502,80833696
502,1348766502,148606061,1348766502,147437613
503,1348766502,214999914,1348766502,214222466
504,1348766502,281979084,1348766502,280775719
505,1348766502,348633050,1348766502,347462658
506,1348766502,415096044,1348766502,414216177
507,1348766502,481576919,1348766502,480809337
508,1348766502,548592090,1348766502,547427554
509,1348766502,615104913,1348766502,614299950
510,1348766502,681993007,1348766502,680812210
511,1348766502,748604059,1348766502,747439307
512,1348766502,815085887,1348766502,814189350
513,1348766502,881776094,1348766502,880811500
514,1348766502,948645114,1348766502,947425427
515,1348766503,15345096,1348766503,14185032
516,1348766503,82098960,1348766503,80842042
517,1348766503,148592948,1348766503,147429243
518,1348766503,215269088,1348766503,214221700
519,1348766503,281966924,1348766503,280811468
520,1348766503,348613977,1348766503,347436902
521,1348766503,415365934,1348766503,414207277
522,1348766503,482027053,1348766503,480832873
523,1348766503,548595905,1348766503,547411585
524,1348766503,615328073,1348766503,614214814
525,1348766503,681931018,1348766503,680781965
526,1348766503,748596906,1348766503,747404909
527,1348766503,815160036,1348766503,814194961
528,1348766503,881993055,1348766503,880833383
529,1348766503,948580026,1348766503,947438283
530,1348766504,15340089,1348766504,14209217
531,1348766504,81510066,1348766504,80804258
532,1348766504,148324012,1348766504,147430036
533,1348766504,215323925,1348766504,214220909
534,1348766504,281968116,1348766504,280844433
535,1348766504,348577976,1348766504,347443492
536,1348766504,415426015,1348766504,414246750
537,1348766504,481622934,1348766504,480807489
538,1348766504,548573970,1348766504,547400087
539,1348766504,615392923,1348766504,614262286
540,1348766504,682012081,1348766504,680835532
541,1348766504,748611927,1348766504,747433500
542,1348766504,815329074,1348766504,814235603
543,1348766504,881927013,1348766504,880809238
544,1348766504,948576927,1348766504,947431362
545,1348766505,15393018,1348766505,14293393
546,1348766505,81959962,1348766505,80810853
547,1348766505,148628950,1348766505,147462746
548,1348766505,215361118,1348766505,214284248
549,1348766505,281910896,1348766505,280776408
550,1348766505,348552942,1348766505,347399048
551,1348766505,415344953,1348766505,414244268
552,1348766505,481966018,1348766505,480782226
553,1348766505,548619985,1348766505,547465453
554,1348766505,615418910,1348766505,614216121
555,1348766505,681942939,1348766505,680807049
556,1348766505,748608112,1348766505,747437199
557,1348766505,815418004,1348766505,814223611
558,1348766505,882018089,1348766505,880841430
559,1348766505,948640108,1348766505,947439298
560,1348766506,15361070,1348766506,14222015
561,1348766506,81934928,1348766506,80811464
562,1348766506,148684024,1348766506,147461412
563,1348766506,215308904,1348766506,214186011
564,1348766506,282002925,1348766506,280809729
565,1348766506,348592042,1348766506,347411889
566,1348766506,415319919,1348766506,414178744
567,1348766506,482004880,1348766506,480809866
568,1348766506,548372030,1348766506,547408837
569,1348766506,615487098,1348766506,614198655
570,1348766506,682002067,1348766506,680829537
571,1348766506,748729944,1348766506,747435256
572,1348766506,815340042,1348766506,814257486
573,1348766506,882064104,1348766506,880921792
574,1348766506,948653936,1348766506,947466149
575,1348766507,15264987,1348766507,14258493
576,1348766507,82040071,1348766507,80815565
577,1348766507,148665904,1348766507,147437319
578,1348766507,215394973,1348766507,214188603
579,1348766507,281928062,1348766507,280796510
580,1348766507,348694086,1348766507,347527221
581,1348766507,415328979,1348766507,414236493
582,1348766507,482083082,1348766507,480829307
583,1348766507,548557043,1348766507,547434456
584,1348766507,615025043,1348766507,614191379
585,1348766507,681914091,1348766507,680812419
586,1348766507,748512029,1348766507,747414713
587,1348766507,815361022,1348766507,814260835
588,1348766507,881814956,1348766507,880779909
589,1348766507,948683977,1348766507,947461523
590,1348766508,15400886,1348766508,14258974
591,1348766508,81908941,1348766508,80781824
592,1348766508,148288011,1348766508,147434346
593,1348766508,215293884,1348766508,214191880
594,1348766508,281970024,1348766508,280811837
595,1348766508,348578929,1348766508,347436146
596,1348766508,415425062,1348766508,414260436
597,1348766508,481945037,1348766508,480908604
598,1348766508,548605918,1348766508,547404232
599,1348766508,615374088,1348766508,614203106
600,1348766508,681849002,1348766508,680785735
601,1348766508,748624086,1348766508,747438344
602,1348766508,815314054,1348766508,814214736
603,1348766508,881848096,1348766508,880811056
604,1348766508,948620080,1348766508,947466165
605,1348766509,15413045,1348766509,14237764
606,1348766509,81911087,1348766509,80778265
607,1348766509,148279905,1348766509,147441395
608,1348766509,215461015,1348766509,214217395
609,1348766509,281932115,1348766509,280839951
610,1348766509,348558902,1348766509,347403815
611,1348766509,415363073,1348766509,414221786
612,1348766509,481870889,1348766509,480811105
613,1348766509,548659086,1348766509,547486463
614,1348766509,615063905,1348766509,614223187
615,1348766509,681894063,1348766509,680810875
616,1348766509,748671054,1348766509,747423790
617,1348766509,815423965,1348766509,814275919
618,1348766509,881872892,1348766509,880842834
619,1348766509,948549985,1348766509,947435448
620,1348766510,14988899,1348766510,14245996
621,1348766510,81975936,1348766510,80810746
622,1348766510,148657083,1348766510,147462577
623,1348766510,215394020,1348766510,214279382
624,1348766510,281645059,1348766510,280813419
625,1348766510,348553895,1348766510,347403956
626,1348766510,415399074,1348766510,414274272
627,1348766510,481714010,1348766510,480818040
628,1348766510,548294067,1348766510,547437275
629,1348766510,615367889,1348766510,614192485
630,1348766510,681945085,1348766510,680810601
631,1348766510,748616933,1348766510,747438159
632,1348766510,815399885,1348766510,814212809
633,1348766510,881927967,1348766510,880816349
634,1348766510,948559999,1348766510,947410576
635,1348766511,15402078,1348766511,14185336
636,1348766511,82003116,1348766511,80838442
637,1348766511,148617029,1348766511,147438517
638,1348766511,215383052,1348766511,214207166
639,1348766511,281893968,1348766511,280810692
640,1348766511,348596096,1348766511,347413770
641,1348766511,415522098,1348766511,414349277
642,1348766511,481899023,1348766511,480809367
643,1348766511,548274993,1348766511,547412953
644,1348766511,615370988,1348766511,614224879
645,1348766511,681911945,1348766511,680806774
646,1348766511,748636960,1348766511,747436613
647,1348766511,815078020,1348766511,814243181
648,1348766511,881937980,1348766511,880813363
649,1348766511,948554039,1348766511,947439697
650,1348766512,15517950,1348766512,14323409
651,1348766512,82012891,1348766512,80813851
652,1348766512,148253917,1348766512,147403863
653,1348766512,215513944,1348766512,214300726
654,1348766512,281873941,1348766512,280781394
655,1348766512,348356962,1348766512,347437885
656,1348766512,415277004,1348766512,414202966
657,1348766512,481873035,1348766512,480787457
658,1348766512,548660039,1348766512,547438512
659,1348766512,615093946,1348766512,614168753
660,1348766512,681920051,1348766512,680812194
661,1348766512,748256921,1348766512,747409151
662,1348766512,815325021,1348766512,814207302
663,1348766512,881953954,1348766512,880810436
664,1348766512,948576927,1348766512,947411075
665,1348766513,15500068,1348766513,14272947
666,1348766513,81821918,1348766513,80792774
667,1348766513,148593902,1348766513,147435992
668,1348766513,215029954,1348766513,214188935
669,1348766513,281791925,1348766513,280842969
670,1348766513,348628044,1348766513,347434862
671,1348766513,415359973,1348766513,414190647
672,1348766513,481945037,1348766513,480814887
673,1348766513,548593044,1348766513,547438118
674,1348766513,615004062,1348766513,614194242
675,1348766513,681936025,1348766513,680842847
676,1348766513,748591899,1348766513,747442911
677,1348766513,815397977,1348766513,814206193
678,1348766513,881988048,1348766513,880835311
679,1348766513,948265075,1348766513,947438308
680,1348766514,15252113,1348766514,14257412
681,1348766514,81844091,1348766514,80839049
682,1348766514,148597002,1348766514,147412009
683,1348766514,215342998,1348766514,214242011
684,1348766514,281837940,1348766514,280812383
685,1348766514,348613023,1348766514,347435358
686,1348766514,415337085,1348766514,414224867
687,1348766514,481935024,1348766514,480838570
688,1348766514,548593997,1348766514,547408528
689,1348766514,615391016,1348766514,614245778
690,1348766514,681638956,1348766514,680817599
691,1348766514,748318910,1348766514,747467710
692,1348766514,815342903,1348766514,814258012
693,1348766514,882061004,1348766514,880818220
694,1348766514,948381900,1348766514,947511579
695,1348766515,15444040,1348766515,14285499
696,1348766515,81835985,1348766515,80783670
697,1348766515,148624897,1348766515,147480513
698,1348766515,215296030,1348766515,214197044
699,1348766515,281999111,1348766515,280843648
700,1348766515,348591089,1348766515,347445642
701,1348766515,415309906,1348766515,414219741
702,1348766515,481940984,1348766515,480799692
703,1348766515,548635005,1348766515,547435090
704,1348766515,615112066,1348766515,614206113
705,1348766515,681742906,1348766515,680861353
706,1348766515,748641967,1348766515,747465251
707,1348766515,815479993,1348766515,814265088
708,1348766515,882215976,1348766515,880822150
709,1348766515,948296070,1348766515,947438543
710,1348766516,15423059,1348766516,14212275
711,1348766516,81923961,1348766516,80778950
712,1348766516,148611068,1348766516,147450033
713,1348766516,215347051,1348766516,214213836
714,1348766516,281919002,1348766516,280843029
715,1348766516,348335981,1348766516,347471189
716,1348766516,415313005,1348766516,414190829
717,1348766516,481826066,1348766516,480787145
718,1348766516,548645019,1348766516,547449978
719,1348766516,615122079,1348766516,614223252
720,1348766516,682024002,1348766516,680810174
721,1348766516,748575925,1348766516,747436695
722,1348766516,815346956,1348766516,814225636
723,1348766516,882000923,1348766516,880780930
724,1348766516,948584079,1348766516,947441179
725,1348766517,15408992,1348766517,14274898
726,1348766517,81645965,1348766517,80846073
727,1348766517,148618936,1348766517,147448225
728,1348766517,215425014,1348766517,214263592
729,1348766517,281987905,1348766517,280818904
730,1348766517,348545074,1348766517,347402959
731,1348766517,415460109,1348766517,414192179
732,1348766517,481987953,1348766517,480813081
733,1348766517,548470973,1348766517,547431798
734,1348766517,615259885,1348766517,614199553
735,1348766517,682003974,1348766517,680842834
736,1348766517,748650074,1348766517,747443824
737,1348766517,815399885,1348766517,814303693
738,1348766517,881953001,1348766517,880833487
739,1348766517,948574066,1348766517,947442404
740,1348766518,15317916,1348766518,14227361
741,1348766518,81899881,1348766518,80817081
742,1348766518,148535013,1348766518,147444303
743,1348766518,215300083,1348766518,214194358
744,1348766518,282067060,1348766518,280841086
745,1348766518,348598957,1348766518,347434090
746,1348766518,415313959,1348766518,414266983
747,1348766518,481867074,1348766518,480840678
748,1348766518,548578023,1348766518,547432620
749,1348766518,615411043,1348766518,614263683
750,1348766518,681984901,1348766518,680788541
751,1348766518,748564004,1348766518,747410423
752,1348766518,815221071,1348766518,814175053
753,1348766518,881983995,1348766518,880818517
754,1348766518,948565006,1348766518,947437991
755,1348766519,15373945,1348766519,14194962
756,1348766519,81521987,1348766519,80799984
757,1348766519,148655891,1348766519,147472335
758,1348766519,215303897,1348766519,214197592
759,1348766519,282103061,1348766519,280843816
760,1348766519,348670959,1348766519,347410141
761,1348766519,415419101,1348766519,414210552
762,1348766519,482022047,1348766519,480845667
763,1348766519,548512935,1348766519,547413327
764,1348766519,615467071,1348766519,614282445
765,1348766519,682030916,1348766519,680789576
766,1348766519,748274087,1348766519,747457287
767,1348766519,815404891,1348766519,814267586
768,1348766519,881581068,1348766519,880785462
769,1348766519,948596000,1348766519,947406106
770,1348766520,15271902,1348766520,14191714
771,1348766520,81691980,1348766520,80787858
772,1348766520,148252964,1348766520,147406779
773,1348766520,215435028,1348766520,214231625
774,1348766520,282058000,1348766520,280811389
775,1348766520,348556041,1348766520,347410200
776,1348766520,415429115,1348766520,414224320
777,1348766520,481955051,1348766520,480797407
778,1348766520,548548936,1348766520,547410975
779,1348766520,615384101,1348766520,614225355
780,1348766520,681998014,1348766520,680812152
781,1348766520,748496055,1348766520,747386819
782,1348766520,815062999,1348766520,814222463
783,1348766520,881639957,1348766520,880807097
784,1348766520,948559999,1348766520,947430259
785,1348766521,15408992,1348766521,14243966
786,1348766521,81954956,1348766521,80820421
787,1348766521,148612976,1348766521,147439549
788,1348766521,215302944,1348766521,214193382
789,1348766521,281785964,1348766521,280845246
790,1348766521,348556995,1348766521,347414057
791,1348766521,415599107,1348766521,414359187
792,1348766521,481651067,1348766521,480781662
793,1348766521,548595905,1348766521,547439719
794,1348766521,615358114,1348766521,614198748
795,1348766521,681999921,1348766521,680820097
796,1348766521,748497962,1348766521,747446850
797,1348766521,815320968,1348766521,814198901
798,1348766521,882080078,1348766521,880812715
799,1348766521,948669910,1348766521,947512662
800,1348766522,15374898,1348766522,14255621
801,1348766522,81901073,1348766522,80841404
802,1348766522,148407936,1348766522,147413154
803,1348766522,215295076,1348766522,214196989
804,1348766522,281923055,1348766522,280785345
805,1348766522,348577976,1348766522,347443530
806,1348766522,415303945,1348766522,414204346
807,1348766522,481795072,1348766522,480810526
808,1348766522,548261880,1348766522,547408618
809,1348766522,615338087,1348766522,614249725
810,1348766522,681936979,1348766522,680790529
811,1348766522,748652935,1348766522,747466927
812,1348766522,815078973,1348766522,814273435
813,1348766522,881886005,1348766522,880810632
814,1348766522,948575019,1348766522,947411976
815,1348766523,15353918,1348766523,14221719
816,1348766523,81895112,1348766523,80846567
817,1348766523,148652076,1348766523,147433238
818,1348766523,214843988,1348766523,214146102
819,1348766523,282011032,1348766523,280815145
820,1348766523,348222970,1348766523,347429364
821,1348766523,415402889,1348766523,414184184
822,1348766523,481467962,1348766523,480778301
823,1348766523,548393011,1348766523,547358833
824,1348766523,615361928,1348766523,614201379
825,1348766523,681957960,1348766523,680797593
826,1348766523,748594999,1348766523,747437955
827,1348766523,815320014,1348766523,814206242
828,1348766523,881936073,1348766523,880826748
829,1348766523,948658943,1348766523,947440586
830,1348766524,15101909,1348766524,14157746
831,1348766524,81893920,1348766524,80815155
832,1348766524,148596048,1348766524,147445302
833,1348766524,215156078,1348766524,214286074
834,1348766524,281949996,1348766524,280797313
835,1348766524,348537921,1348766524,347412919
836,1348766524,415333032,1348766524,414195494
837,1348766524,482069969,1348766524,480814560
838,1348766524,548651933,1348766524,547445739
839,1348766524,615278959,1348766524,614223554
840,1348766524,681999921,1348766524,680790913
841,1348766524,748266935,1348766524,747406352
842,1348766524,815306901,1348766524,814194724
843,1348766524,881939888,1348766524,880789084
844,1348766524,948517084,1348766524,947429513
845,1348766525,15434980,1348766525,14218942
846,1348766525,81895112,1348766525,80799626
847,1348766525,148333072,1348766525,147412568
848,1348766525,215087890,1348766525,214246591
849,1348766525,281439065,1348766525,280804925
850,1348766525,348581075,1348766525,347446907
851,1348766525,415460109,1348766525,414280036
852,1348766525,481982946,1348766525,480819369
853,1348766525,548607110,1348766525,547440089
854,1348766525,615559101,1348766525,614295954
855,1348766525,681622982,1348766525,680848378
856,1348766525,748687982,1348766525,747497044
857,1348766525,815340042,1348766525,814248052
858,1348766525,881973028,1348766525,880816676
859,1348766525,948297977,1348766525,947431650
860,1348766526,15269994,1348766526,14205840
861,1348766526,82174062,1348766526,80894022
862,1348766526,148591995,1348766526,147416652
863,1348766526,215368986,1348766526,214221770
864,1348766526,281913042,1348766526,280781561
865,1348766526,348603963,1348766526,347441858
866,1348766526,415318965,1348766526,414196038
867,1348766526,481869935,1348766526,480814423
868,1348766526,548595905,1348766526,547441423
869,1348766526,615288972,1348766526,614223661
870,1348766526,681925058,1348766526,680843000
871,1348766526,748591899,1348766526,747445485
872,1348766526,815104007,1348766526,814273679
873,1348766526,881925106,1348766526,880788338
874,1348766526,948676109,1348766526,947461466
875,1348766527,15304088,1348766527,14244579
876,1348766527,81878900,1348766527,80824500
877,1348766527,148614883,1348766527,147438769
878,1348766527,215338945,1348766527,214224738
879,1348766527,281928062,1348766527,280781000
880,1348766527,348635911,1348766527,347449307
881,1348766527,415456056,1348766527,414282264
882,1348766527,481962919,1348766527,480823138
883,1348766527,548500061,1348766527,547406143
884,1348766527,615340948,1348766527,614345175
885,1348766527,681936979,1348766527,680812175
886,1348766527,748595952,1348766527,747440152
887,1348766527,815566062,1348766527,814309149
888,1348766527,881881952,1348766527,880813067
889,1348766527,948545932,1348766527,947440593
890,1348766528,15403985,1348766528,14253861
891,1348766528,81975936,1348766528,80823100
892,1348766528,148618936,1348766528,147427332
893,1348766528,215343952,1348766528,214263839
894,1348766528,281888961,1348766528,280804437
895,1348766528,348630905,1348766528,347469842
896,1348766528,415400028,1348766528,414230501
897,1348766528,481642007,1348766528,480816475
898,1348766528,548671960,1348766528,547475119
899,1348766528,615582942,1348766528,614264643
900,1348766528,681984901,1348766528,680828545
901,1348766528,748512983,1348766528,747407939
902,1348766528,815275907,1348766528,814220101
903,1348766528,881894111,1348766528,880836668
904,1348766528,948574066,1348766528,947447183
905,1348766529,15469074,1348766529,14324326
906,1348766529,81844091,1348766529,80848420
907,1348766529,148621082,1348766529,147434164
908,1348766529,215444087,1348766529,214201646
909,1348766529,282130956,1348766529,280857878
910,1348766529,348288059,1348766529,347464833
911,1348766529,415405035,1348766529,414238003
912,1348766529,481931924,1348766529,480815912
913,1348766529,548690080,1348766529,547468479
914,1348766529,615325927,1348766529,614240187
915,1348766529,681835889,1348766529,680825687
916,1348766529,748629093,1348766529,747471554
917,1348766529,815351963,1348766529,814245888
918,1348766529,881922006,1348766529,880847925
919,1348766529,948605060,1348766529,947441987
920,1348766530,15517950,1348766530,14299118
921,1348766530,81887006,1348766530,80785605
922,1348766530,148596048,1348766530,147445486
923,1348766530,215339899,1348766530,214235035
924,1348766530,281999111,1348766530,280804694
925,1348766530,348675966,1348766530,347439519
926,1348766530,415304899,1348766530,414218215
927,1348766530,481983900,1348766530,480871500
928,1348766530,548615932,1348766530,547444442
929,1348766530,615354061,1348766530,614222412
930,1348766530,681915044,1348766530,680795181
931,1348766530,748584032,1348766530,747445223
932,1348766530,815481901,1348766530,814295240
933,1348766530,881902933,1348766530,880788490
934,1348766530,948643922,1348766530,947437165
935,1348766531,15419006,1348766531,14318230
936,1348766531,81985950,1348766531,80816041
937,1348766531,148700952,1348766531,147444897
938,1348766531,215365886,1348766531,214245641
939,1348766531,281981945,1348766531,280844758
940,1348766531,348572969,1348766531,347440406
941,1348766531,415308952,1348766531,414188078
942,1348766531,481929063,1348766531,480808699
943,1348766531,548620939,1348766531,547439702
944,1348766531,615402936,1348766531,614202245
945,1348766531,681642055,1348766531,680797709
946,1348766531,748575925,1348766531,747413249
947,1348766531,815335988,1348766531,814225276
948,1348766531,881943941,1348766531,880840002
949,1348766531,948558092,1348766531,947444390
950,1348766532,15367031,1348766532,14230284
951,1348766532,81960916,1348766532,80848088
952,1348766532,148646116,1348766532,147472308
953,1348766532,215301990,1348766532,214201167
954,1348766532,281986951,1348766532,280827606
955,1348766532,348591089,1348766532,347440158
956,1348766532,415457010,1348766532,414263559
957,1348766532,481895923,1348766532,480810280
958,1348766532,548590898,1348766532,547412217
959,1348766532,615350008,1348766532,614202799
960,1348766532,681881904,1348766532,680823327
961,1348766532,748578071,1348766532,747450160
962,1348766532,815339088,1348766532,814202760
963,1348766532,881997108,1348766532,880848379
964,1348766532,948604106,1348766532,947447248
965,1348766533,15444040,1348766533,14239521
966,1348766533,81952095,1348766533,80780313
967,1348766533,148641109,1348766533,147444423
968,1348766533,215465068,1348766533,214297348
969,1348766533,281856060,1348766533,280835585
970,1348766533,348578929,1348766533,347440075
971,1348766533,415335893,1348766533,414201495
972,1348766533,481934070,1348766533,480815266
973,1348766533,548594951,1348766533,547438316
974,1348766533,615325927,1348766533,614217470
975,1348766533,681866884,1348766533,680794996
976,1348766533,748645067,1348766533,747445234
977,1348766533,815313100,1348766533,814171826
978,1348766533,882003068,1348766533,880782077
979,1348766533,948605060,1348766533,947440917
